1	1
2	4
3	2
4	8
5	11
6	3
7	6
8	3
9	3
10	12
11	7
12	1
13	1
14	13
15	2
16	5
17	1
18	5
19	7
20	14
21	8
22	5
23	1
24	7
25	1
26	4
27	2
28	12
29	17
30	6
31	1
32	16
33	3
34	7
35	4
36	11
37	4
38	3
39	6
40	2
41	13
42	5
43	21
44	10
45	10
46	17
47	7
48	14
49	6
50	8
51	12
52	14
53	8
54	6
55	2
56	2
57	2
58	5
59	20
60	4
61	11
62	2
63	2
64	15
65	9
66	6
67	4
68	10
69	29
70	12
71	3
72	2
73	15
74	30
75	1
76	22
77	20
78	4
79	9
80	9
81	8
82	1
83	14
84	8
85	15
86	11
87	32
88	13
89	9
90	24
91	3
92	22
93	17
94	6
95	2
96	11
97	1
98	8
99	4
100	4
101	4
102	2
103	28
104	17
105	7
106	14
107	1
108	4
109	2
110	3
111	11
112	2
113	3
114	8
115	11
116	3
117	26
118	26
119	4
120	4
121	3
122	1
123	4
124	2
125	15
126	21
127	5
128	6
129	16
130	2
131	4
132	2
133	4
134	3
135	3
136	14
137	13
138	37
139	8
140	31
141	2
142	6
143	10
144	7
145	2
146	32
147	6
148	10
149	2
150	4
151	11
152	25
153	6
154	6
155	28
156	7
157	27
158	2
159	5
160	2
161	2
162	7
163	17
164	14
165	1
166	1
167	12
168	3
169	1
170	2
171	12
172	17
173	37
174	8
175	2
176	1
177	25
178	5
179	4
180	21
181	2
182	3
183	14
184	1
185	1
186	5
187	11
188	2
189	1
190	4
191	6
192	4
193	8
194	8
195	8
196	2
197	22
198	2
199	1
200	4
201	28
202	37
203	4
204	4
205	5
206	3
207	7
208	33
209	8
210	8
211	1
212	1
213	1
214	31
215	28
216	4
217	4
218	11
219	2
220	34
221	10
222	4
223	1
224	15
225	1
226	6
227	2
228	10
229	5
230	11
231	1
232	2
233	14
234	7
235	12
236	22
237	3
238	6
239	2
240	20
241	12
242	5
243	23
244	2
245	1
246	1
247	10
248	5
249	1
250	3
251	6
252	7
253	1
254	8
255	2
256	4
257	1
258	5
259	3
260	11
261	13
262	12
263	11
264	12
265	1
266	13
267	13
268	36
269	19
270	2
271	2
272	5
273	26
274	2
275	8
276	29
277	10
278	25
279	10
280	29
281	12
282	4
283	4
284	5
285	1
286	1
287	24
288	32
289	1
290	6
291	1
292	4
293	4
294	1
295	5
296	1
297	10
298	21
299	17
300	37
301	4
302	6
303	20
304	12
305	2
306	28
307	4
308	9
309	1
310	8
311	3
312	5
313	1
314	9
315	1
316	15
317	2
318	11
319	13
320	24
321	6
322	3
323	19
324	5
325	4
326	7
327	2
328	3
329	8
330	7
331	4
332	3
333	6
334	8
335	4
336	1
337	15
338	12
339	10
340	3
341	6
342	1
343	22
344	4
345	9
346	9
347	31
348	3
349	2
350	1
351	5
352	2
353	22
354	31
355	2
356	4
357	16
358	13
359	12
360	9
361	5
362	10
363	27
364	36
365	19
366	30
367	1
368	9
369	30
370	16
371	2
372	6
373	8
374	31
375	15
376	7
377	1
378	3
379	7
380	9
381	20
382	29
383	9
384	27
385	14
386	29
387	1
388	34
389	11
390	3
391	2
392	2
393	23
394	4
395	5
396	12
397	2
398	11
399	2
400	7
401	3
402	11
403	35
404	6
405	11
406	6
407	7
408	1
409	2
410	1
411	18
412	10
413	7
414	3
415	7
416	11
417	6
418	8
419	7
420	9
421	1
422	32
423	2
424	8
425	15
426	15
427	1
428	12
429	3
430	12
431	13
432	6
433	13
434	1
435	1
436	13
437	1
438	1
439	20
440	2
441	1
442	1
443	2
444	13
445	3
446	7
447	12
448	1
449	2
450	2
451	8
452	27
453	12
454	5
455	7
456	1
457	1
458	2
459	5
460	13
461	6
462	2
463	8
464	17
465	2
466	7
467	35
468	4
469	5
470	2
471	9
472	2
473	3
474	24
475	34
476	2
477	7
478	5
479	10
480	1
481	5
482	2
483	4
484	9
485	2
486	25
487	37
488	5
489	1
490	26
491	7
492	4
493	2
494	2
495	5
496	22
497	29
498	7
499	1
500	2
501	5
502	26
503	16
504	25
505	2
506	2
507	4
508	3
509	15
510	20
511	2
512	7
513	2
514	4
515	7
516	2
517	13
518	3
519	4
520	26
521	9
522	20
523	15
524	33
525	23
526	28
527	5
528	1
529	23
530	6
531	30
532	6
533	24
534	1
535	2
536	26
537	13
538	9
539	11
540	2
541	13
542	7
543	3
544	2
545	26
546	6
547	1
548	12
549	2
550	15
551	2
552	26
553	16
554	17
555	7
556	3
557	11
558	2
559	5
560	6
561	12
562	14
563	4
564	2
565	1
566	2
567	13
568	1
569	21
570	23
571	3
572	2
573	15
574	12
575	32
576	2
577	3
578	16
579	8
580	2
581	13
582	8
583	6
584	4
585	9
586	11
587	13
588	29
589	2
590	2
591	7
592	1
593	25
594	1
595	9
596	2
597	3
598	3
599	10
600	1
601	2
602	5
603	7
604	6
605	29
606	24
607	12
608	31
609	7
610	9
611	8
612	5
613	25
614	5
615	9
616	29
617	6
618	2
619	3
620	6
621	3
622	4
623	3
624	3
625	4
626	3
627	6
628	12
629	1
630	1
631	14
632	5
633	3
634	12
635	4
636	1
637	6
638	2
639	3
640	3
641	8
642	1
643	6
644	3
645	1
646	2
647	10
648	8
649	1
650	3
651	18
652	22
653	11
654	5
655	10
656	2
657	3
658	32
659	9
660	5
661	2
662	3
663	11
664	4
665	32
666	2
667	2
668	32
669	30
670	7
671	18
672	2
673	5
674	3
675	3
676	28
677	17
678	3
679	5
680	3
681	13
682	13
683	2
684	9
685	19
686	7
687	7
688	5
689	18
690	2
691	31
692	8
693	3
694	15
695	10
696	7
697	26
698	14
699	13
700	10
701	36
702	31
703	5
704	11
705	3
706	27
707	21
708	2
709	15
710	9
711	34
712	6
713	32
714	11
715	1
716	2
717	8
718	10
719	7
720	2
721	19
722	6
723	2
724	5
725	4
726	2
727	1
728	28
729	11
730	26
731	12
732	2
733	7
734	3
735	4
736	18
737	16
738	1
739	1
740	18
741	2
742	15
743	35
744	26
745	16
746	22
747	5
748	1
749	4
750	1
751	15
752	4
753	6
754	32
755	8
756	2
757	4
758	2
759	8
760	17
761	11
762	2
763	16
764	1
765	14
766	33
767	8
768	3
769	6
770	11
771	9
772	4
773	5
774	2
775	2
776	7
777	18
778	1
779	5
780	2
781	6
782	26
783	18
784	21
785	12
786	4
787	5
788	1
789	1
790	10
791	2
792	7
793	13
794	5
795	6
796	17
797	2
798	37
799	28
800	7
801	1
802	2
803	10
804	1
805	10
806	7
807	17
808	22
809	29
810	28
811	4
812	4
813	8
814	2
815	1
816	29
817	8
818	19
819	3
820	2
821	22
822	4
823	1
824	8
825	2
826	2
827	9
828	12
829	18
830	19
831	14
832	1
833	6
834	1
835	18
836	6
837	8
838	13
839	13
840	20
841	5
842	4
843	27
844	8
845	9
846	7
847	13
848	1
849	5
850	14
851	1
852	2
853	3
854	8
855	35
856	1
857	3
858	16
859	11
860	19
861	19
862	16
863	4
864	6
865	6
866	5
867	2
868	3
869	17
870	12
871	3
872	3
873	36
874	35
875	2
876	14
877	9
878	1
879	2
880	20
881	5
882	3
883	4
884	14
885	5
886	22
887	5
888	34
889	8
890	9
891	7
892	13
893	2
894	28
895	13
896	10
897	1
898	5
899	11
900	21
901	11
902	4
903	30
904	8
905	25
906	4
907	8
908	17
909	36
910	22
911	33
912	6
913	4
914	10
915	10
916	7
917	9
918	6
919	12
920	6
921	2
922	12
923	20
924	1
925	1
926	32
927	3
928	10
929	3
930	22
931	3
932	2
933	2
934	1
935	16
936	11
937	34
938	8
939	7
940	8
941	23
942	2
943	37
944	6
945	2
946	16
947	2
948	3
949	11
950	2
951	4
952	1
953	25
954	2
955	11
956	6
957	11
958	16
959	33
960	2
961	4
962	8
963	7
964	2
965	4
966	6
967	1
968	2
969	2
970	17
971	1
972	24
973	2
974	4
975	23
976	16
977	10
978	12
979	6
980	19
981	1
982	14
983	2
984	4
985	2
986	2
987	15
988	11
989	7
990	1
991	1
992	9
993	25
994	17
995	5
996	2
997	11
998	1
999	5
1000	7
1001	5
1002	2
1003	2
1004	2
1005	24
1006	8
1007	16
1008	7
1009	8
1010	29
1011	3
1012	1
1013	4
1014	21
1015	3
1016	21
1017	12
1018	10
1019	3
1020	5
1021	1
1022	2
1023	31
1024	3
1025	8
1026	3
1027	6
1028	3
1029	1
1030	3
1031	2
1032	9
1033	2
1034	6
1035	32
1036	3
1037	5
1038	3
1039	8
1040	2
1041	25
1042	9
1043	5
1044	12
1045	16
1046	6
1047	1
1048	1
1049	6
1050	16
1051	13
1052	1
1053	4
1054	14
1055	8
1056	2
1057	8
1058	6
1059	27
1060	13
1061	21
1062	24
1063	25
1064	27
1065	1
1066	5
1067	5
1068	2
1069	22
1070	2
1071	15
1072	4
1073	8
1074	8
1075	3
1076	5
1077	2
1078	5
1079	22
1080	5
1081	16
1082	2
1083	36
1084	10
1085	5
1086	28
1087	4
1088	26
1089	20
1090	13
1091	17
1092	7
1093	5
1094	3
1095	1
1096	4
1097	16
1098	3
1099	30
1100	13
1101	2
1102	7
1103	2
1104	5
1105	31
1106	9
1107	28
1108	1
1109	7
1110	1
1111	1
1112	6
1113	1
1114	13
1115	19
1116	1
1117	25
1118	29
1119	20
1120	18
1121	15
1122	24
1123	36
1124	25
1125	19
1126	23
1127	13
1128	7
1129	19
1130	2
1131	12
1132	2
1133	11
1134	14
1135	21
1136	6
1137	2
1138	18
1139	9
1140	5
1141	23
1142	10
1143	5
1144	27
1145	4
1146	1
1147	26
1148	2
1149	2
1150	5
1151	29
1152	5
1153	1
1154	9
1155	5
1156	7
1157	6
1158	22
1159	3
1160	4
1161	13
1162	14
1163	3
1164	1
1165	10
1166	3
1167	2
1168	7
1169	2
1170	2
1171	4
1172	15
1173	10
1174	3
1175	6
1176	12
1177	5
1178	10
1179	2
1180	22
1181	2
1182	5
1183	11
1184	4
1185	6
1186	16
1187	7
1188	4
1189	6
1190	29
1191	6
1192	1
1193	17
1194	2
1195	4
1196	16
1197	3
1198	6
1199	1
1200	12
1201	2
1202	6
1203	10
1204	7
1205	1
1206	2
1207	24
1208	7
1209	2
1210	2
1211	4
1212	15
1213	36
1214	12
1215	30
1216	5
1217	19
1218	17
1219	11
1220	3
1221	1
1222	2
1223	7
1224	2
1225	5
1226	10
1227	1
1228	1
1229	22
1230	34
1231	30
1232	19
1233	9
1234	1
1235	4
1236	1
1237	14
1238	2
1239	28
1240	23
1241	3
1242	11
1243	7
1244	18
1245	16
1246	1
1247	12
1248	8
1249	6
1250	5
1251	10
1252	10
1253	13
1254	17
1255	2
1256	1
1257	28
1258	37
1259	23
1260	15
1261	2
1262	4
1263	24
1264	1
1265	28
1266	15
1267	22
1268	24
1269	5
1270	5
1271	17
1272	1
1273	3
1274	3
1275	20
1276	4
1277	10
1278	7
1279	4
1280	9
1281	31
1282	14
1283	1
1284	2
1285	31
1286	1
1287	3
1288	3
1289	33
1290	4
1291	1
1292	2
1293	4
1294	13
1295	2
1296	2
1297	7
1298	2
1299	35
1300	1
1301	21
1302	3
1303	7
1304	11
1305	7
1306	29
1307	5
1308	3
1309	8
1310	3
1311	9
1312	21
1313	14
1314	6
1315	2
1316	5
1317	2
1318	21
1319	13
1320	7
1321	37
1322	2
1323	2
1324	7
1325	7
1326	31
1327	3
1328	17
1329	15
1330	11
1331	8
1332	16
1333	3
1334	7
1335	4
1336	3
1337	8
1338	17
1339	1
1340	10
1341	1
1342	30
1343	3
1344	2
1345	8
1346	31
1347	5
1348	33
1349	7
1350	5
1351	4
1352	2
1353	5
1354	6
1355	17
1356	19
1357	5
1358	24
1359	3
1360	6
1361	4
1362	2
1363	1
1364	25
1365	1
1366	7
1367	9
1368	7
1369	8
1370	1
1371	11
1372	6
1373	34
1374	12
1375	7
1376	3
1377	6
1378	11
1379	2
1380	13
1381	7
1382	1
1383	18
1384	3
1385	2
1386	25
1387	4
1388	35
1389	29
1390	2
1391	1
1392	5
1393	6
1394	1
1395	2
1396	5
1397	3
1398	1
1399	12
1400	16
1401	4
1402	27
1403	32
1404	9
1405	25
1406	2
1407	6
1408	4
1409	6
1410	17
1411	29
1412	13
1413	16
1414	20
1415	4
1416	4
1417	3
1418	4
1419	5
1420	1
1421	2
1422	11
1423	11
1424	1
1425	8
1426	16
1427	3
1428	11
1429	2
1430	4
1431	3
1432	1
1433	36
1434	2
1435	15
1436	15
1437	14
1438	1
1439	5
1440	1
1441	9
1442	14
1443	4
1444	12
1445	10
1446	5
1447	8
1448	2
1449	8
1450	4
1451	19
1452	1
1453	2
1454	2
1455	2
1456	35
1457	11
1458	5
1459	15
1460	9
1461	4
1462	15
1463	5
1464	7
1465	10
1466	2
1467	9
1468	1
1469	1
1470	2
1471	1
1472	20
1473	7
1474	1
1475	5
1476	2
1477	3
1478	13
1479	9
1480	3
1481	3
1482	6
1483	1
1484	2
1485	30
1486	4
1487	11
1488	4
1489	3
1490	1
1491	2
1492	7
1493	18
1494	3
1495	2
1496	16
1497	2
1498	32
1499	2
1500	1
1501	2
1502	25
1503	11
1504	11
1505	13
1506	33
1507	33
1508	5
1509	5
1510	5
1511	2
1512	2
1513	10
1514	4
1515	6
1516	27
1517	15
1518	7
1519	11
1520	10
1521	3
1522	2
1523	3
1524	6
1525	7
1526	11
1527	6
1528	18
1529	27
1530	32
1531	23
1532	36
1533	7
1534	6
1535	2
1536	4
1537	12
1538	6
1539	1
1540	6
1541	30
1542	9
1543	33
1544	5
1545	8
1546	6
1547	1
1548	25
1549	12
1550	2
1551	17
1552	1
1553	14
1554	4
1555	4
1556	2
1557	26
1558	2
1559	22
1560	10
1561	5
1562	7
1563	1
1564	2
1565	9
1566	20
1567	2
1568	20
1569	19
1570	13
1571	4
1572	12
1573	5
1574	3
1575	15
1576	4
1577	2
1578	14
1579	23
1580	2
1581	5
1582	2
1583	6
1584	2
1585	5
1586	6
1587	5
1588	9
1589	5
1590	2
1591	4
1592	4
1593	2
1594	4
1595	16
1596	2
1597	2
1598	2
1599	2
1600	5
1601	4
1602	4
1603	15
1604	1
1605	8
1606	12
1607	3
1608	3
1609	1
1610	3
1611	5
1612	1
1613	8
1614	17
1615	6
1616	8
1617	4
1618	22
1619	20
1620	27
1621	1
1622	7
1623	4
1624	3
1625	4
1626	6
1627	4
1628	5
1629	4
1630	9
1631	10
1632	26
1633	1
1634	23
1635	10
1636	2
1637	2
1638	9
1639	4
1640	2
1641	1
1642	21
1643	4
1644	1
1645	3
1646	12
1647	16
1648	16
1649	7
1650	5
1651	22
1652	1
1653	7
1654	17
1655	19
1656	1
1657	8
1658	7
1659	1
1660	2
1661	6
1662	13
1663	1
1664	4
1665	8
1666	6
1667	8
1668	4
1669	1
1670	4
1671	2
1672	6
1673	12
1674	10
1675	7
1676	6
1677	2
1678	3
1679	4
1680	4
1681	17
1682	2
1683	2
1684	4
1685	1
1686	1
1687	3
1688	16
1689	10
1690	2
1691	7
1692	14
1693	15
1694	1
1695	2
1696	1
1697	5
1698	6
1699	29
1700	15
1701	11
1702	12
1703	4
1704	4
1705	3
1706	1
1707	2
1708	31
1709	21
1710	4
1711	19
1712	9
1713	17
1714	32
1715	29
1716	16
1717	15
1718	4
1719	10
1720	9
1721	3
1722	17
1723	5
1724	2
1725	2
1726	4
1727	6
1728	4
1729	6
1730	6
1731	3
1732	2
1733	16
1734	13
1735	6
1736	6
1737	2
1738	11
1739	10
1740	2
1741	31
1742	9
1743	2
1744	8
1745	7
1746	4
1747	11
1748	28
1749	8
1750	7
1751	1
1752	31
1753	13
1754	2
1755	16
1756	4
1757	3
1758	35
1759	2
1760	7
1761	26
1762	17
1763	7
1764	8
1765	2
1766	18
1767	5
1768	20
1769	4
1770	9
1771	13
1772	26
1773	27
1774	24
1775	2
1776	11
1777	1
1778	3
1779	2
1780	1
1781	9
1782	5
1783	19
1784	4
1785	11
1786	6
1787	2
1788	24
1789	4
1790	8
1791	8
1792	5
1793	4
1794	14
1795	4
1796	8
1797	2
1798	7
1799	3
1800	12
1801	2
1802	6
1803	21
1804	11
1805	8
1806	12
1807	25
1808	2
1809	28
1810	1
1811	17
1812	6
1813	10
1814	1
1815	14
1816	27
1817	20
1818	2
1819	5
1820	4
1821	26
1822	4
1823	1
1824	2
1825	4
1826	5
1827	1
1828	3
1829	8
1830	3
1831	12
1832	3
1833	21
1834	2
1835	2
1836	11
1837	2
1838	8
1839	4
1840	2
1841	1
1842	7
1843	1
1844	22
1845	1
1846	2
1847	23
1848	11
1849	4
1850	5
1851	1
1852	10
1853	15
1854	6
1855	18
1856	12
1857	2
1858	6
1859	2
1860	1
1861	7
1862	1
1863	32
1864	2
1865	5
1866	5
1867	2
1868	3
1869	3
1870	1
1871	6
1872	14
1873	9
1874	12
1875	2
1876	3
1877	25
1878	33
1879	14
1880	25
1881	27
1882	2
1883	1
1884	1
1885	2
1886	4
1887	12
1888	3
1889	13
1890	4
1891	4
1892	4
1893	1
1894	4
1895	2
1896	3
1897	5
1898	18
1899	13
1900	2
1901	1
1902	13
1903	11
1904	13
1905	2
1906	7
1907	14
1908	5
1909	4
1910	2
1911	7
1912	3
1913	10
1914	4
1915	9
1916	3
1917	10
1918	2
1919	10
1920	15
1921	2
1922	1
1923	5
1924	32
1925	7
1926	2
1927	3
1928	12
1929	1
1930	2
1931	12
1932	4
1933	5
1934	15
1935	4
1936	6
1937	3
1938	8
1939	32
1940	2
1941	6
1942	5
1943	6
1944	10
1945	5
1946	28
1947	8
1948	13
1949	2
1950	3
1951	2
1952	6
1953	8
1954	3
1955	7
1956	23
1957	9
1958	25
1959	4
1960	8
1961	2
1962	6
1963	2
1964	2
1965	23
1966	11
1967	2
1968	1
1969	32
1970	5
1971	5
1972	36
1973	24
1974	4
1975	1
1976	12
1977	5
1978	7
1979	3
1980	7
1981	1
1982	10
1983	27
1984	14
1985	7
1986	11
1987	6
1988	7
1989	7
1990	2
1991	13
1992	8
1993	2
1994	9
1995	1
1996	6
1997	37
1998	10
1999	30
2000	18
2001	5
2002	16
2003	12
2004	3
2005	4
2006	26
2007	7
2008	13
2009	3
2010	18
2011	7
2012	2
2013	6
2014	2
2015	1
2016	5
2017	2
2018	19
2019	37
2020	4
2021	6
2022	3
2023	3
2024	22
2025	13
2026	34
2027	4
2028	32
2029	2
2030	2
2031	9
2032	1
2033	29
2034	7
2035	36
2036	2
2037	2
2038	1
2039	1
2040	5
2041	5
2042	17
2043	7
2044	7
2045	11
2046	1
2047	5
2048	31
2049	18
2050	6
2051	5
2052	2
2053	8
2054	27
2055	2
2056	5
2057	2
2058	3
2059	17
2060	12
2061	10
2062	5
2063	32
2064	2
2065	23
2066	8
2067	3
2068	7
2069	12
2070	12
2071	9
2072	2
2073	2
2074	32
2075	26
2076	1
2077	19
2078	8
2079	22
2080	13
2081	10
2082	8
2083	10
2084	10
2085	5
2086	2
2087	6
2088	31
2089	7
2090	13
2091	5
2092	4
2093	33
2094	18
2095	1
2096	7
2097	15
2098	34
2099	8
2100	4
2101	9
2102	1
2103	4
2104	15
2105	1
2106	10
2107	11
2108	23
2109	8
2110	8
2111	6
2112	5
2113	6
2114	2
2115	1
2116	7
2117	6
2118	10
2119	9
2120	24
2121	4
2122	2
2123	2
2124	24
2125	27
2126	22
2127	6
2128	3
2129	36
2130	3
2131	17
2132	2
2133	24
2134	3
2135	22
2136	6
2137	4
2138	1
2139	3
2140	10
2141	4
2142	2
2143	6
2144	6
2145	2
2146	7
2147	15
2148	1
2149	1
2150	2
2151	2
2152	5
2153	9
2154	11
2155	4
2156	3
2157	2
2158	4
2159	29
2160	4
2161	10
2162	13
2163	16
2164	6
2165	24
2166	21
2167	7
2168	1
2169	7
2170	2
2171	27
2172	1
2173	2
2174	7
2175	13
2176	11
2177	19
2178	13
2179	4
2180	2
2181	19
2182	6
2183	9
2184	12
2185	2
2186	4
2187	30
2188	8
2189	5
2190	6
2191	35
2192	6
2193	1
2194	5
2195	1
2196	20
2197	6
2198	6
2199	18
2200	9
2201	7
2202	3
2203	7
2204	13
2205	1
2206	8
2207	19
2208	2
2209	12
2210	8
2211	3
2212	2
2213	8
2214	1
2215	8
2216	21
2217	13
2218	24
2219	24
2220	21
2221	8
2222	1
2223	1
2224	1
2225	6
2226	23
2227	6
2228	2
2229	1
2230	6
2231	11
2232	11
2233	2
2234	11
2235	3
2236	10
2237	6
2238	20
2239	1
2240	3
2241	37
2242	13
2243	11
2244	4
2245	2
2246	7
2247	3
2248	5
2249	1
2250	20
2251	4
2252	7
2253	7
2254	13
2255	5
2256	30
2257	28
2258	4
2259	2
2260	7
2261	12
2262	20
2263	2
2264	7
2265	4
2266	1
2267	13
2268	31
2269	12
2270	13
2271	24
2272	4
2273	1
2274	7
2275	2
2276	20
2277	4
2278	2
2279	22
2280	22
2281	17
2282	23
2283	15
2284	7
2285	2
2286	17
2287	10
2288	1
2289	2
2290	14
2291	6
2292	3
2293	15
2294	1
2295	8
2296	5
2297	3
2298	8
2299	2
2300	1
2301	10
2302	18
2303	1
2304	1
2305	2
2306	9
2307	11
2308	9
2309	3
2310	3
2311	3
2312	6
2313	9
2314	2
2315	18
2316	6
2317	15
2318	2
2319	14
2320	2
2321	2
2322	8
2323	4
2324	12
2325	7
2326	17
2327	5
2328	6
2329	37
2330	5
2331	3
2332	1
2333	3
2334	5
2335	15
2336	6
2337	7
2338	4
2339	5
2340	3
2341	7
2342	2
2343	1
2344	29
2345	3
2346	1
2347	14
2348	17
2349	6
2350	8
2351	6
2352	16
2353	1
2354	8
2355	20
2356	3
2357	21
2358	7
2359	5
2360	11
2361	4
2362	20
2363	9
2364	1
2365	2
2366	2
2367	6
2368	24
2369	6
2370	25
2371	10
2372	30
2373	6
2374	2
2375	15
2376	2
2377	35
2378	26
2379	17
2380	3
2381	7
2382	21
2383	11
2384	19
2385	1
2386	2
2387	9
2388	4
2389	7
2390	29
2391	1
2392	5
2393	5
2394	18
2395	7
2396	4
2397	26
2398	1
2399	12
2400	1
2401	1
2402	7
2403	11
2404	4
2405	3
2406	34
2407	3
2408	7
2409	7
2410	6
2411	5
2412	5
2413	22
2414	1
2415	12
2416	2
2417	15
2418	27
2419	7
2420	1
2421	29
2422	28
2423	12
2424	7
2425	7
2426	7
2427	22
2428	12
2429	7
2430	6
2431	12
2432	3
2433	3
2434	3
2435	2
2436	22
2437	1
2438	2
2439	5
2440	16
2441	6
2442	2
2443	10
2444	15
2445	15
2446	6
2447	2
2448	4
2449	4
2450	3
2451	36
2452	18
2453	2
2454	5
2455	23
2456	2
2457	13
2458	8
2459	3
2460	6
2461	20
2462	5
2463	2
2464	8
2465	1
2466	2
2467	2
2468	3
2469	34
2470	26
2471	3
2472	2
2473	7
2474	12
2475	37
2476	7
2477	8
2478	6
2479	3
2480	2
2481	6
2482	15
2483	5
2484	7
2485	6
2486	3
2487	19
2488	10
2489	11
2490	5
2491	17
2492	34
2493	1
2494	7
2495	2
2496	2
2497	3
2498	2
2499	2
2500	29
2501	20
2502	18
2503	7
2504	7
2505	32
2506	8
2507	12
2508	6
2509	4
2510	12
2511	8
2512	2
2513	19
2514	2
2515	1
2516	3
2517	4
2518	1
2519	1
2520	20
2521	2
2522	1
2523	2
2524	22
2525	20
2526	3
2527	5
2528	9
2529	4
2530	9
2531	2
2532	5
2533	7
2534	13
2535	2
2536	13
2537	14
2538	21
2539	8
2540	8
2541	11
2542	4
2543	1
2544	36
2545	21
2546	2
2547	3
2548	6
2549	18
2550	4
2551	14
2552	1
2553	13
2554	16
2555	2
2556	6
2557	5
2558	2
2559	17
2560	24
2561	1
2562	1
2563	7
2564	2
2565	37
2566	5
2567	2
2568	8
2569	1
2570	1
2571	2
2572	30
2573	14
2574	4
2575	3
2576	25
2577	2
2578	28
2579	35
2580	15
2581	11
2582	12
2583	2
2584	11
2585	2
2586	31
2587	24
2588	27
2589	3
2590	2
2591	12
2592	13
2593	3
2594	2
2595	9
2596	1
2597	6
2598	27
2599	13
2600	4
2601	7
2602	10
2603	3
2604	24
2605	2
2606	2
2607	13
2608	6
2609	4
2610	8
2611	15
2612	3
2613	4
2614	11
2615	7
2616	2
2617	6
2618	3
2619	4
2620	22
2621	4
2622	1
2623	3
2624	1
2625	8
2626	7
2627	4
2628	3
2629	24
2630	5
2631	2
2632	5
2633	2
2634	2
2635	1
2636	1
2637	2
2638	8
2639	2
2640	6
2641	12
2642	3
2643	4
2644	20
2645	8
2646	5
2647	24
2648	27
2649	6
2650	6
2651	19
2652	3
2653	27
2654	10
2655	4
2656	21
2657	36
2658	31
2659	2
2660	2
2661	5
2662	2
2663	2
2664	28
2665	2
2666	19
2667	22
2668	2
2669	15
2670	12
2671	6
2672	3
2673	7
2674	6
2675	2
2676	5
2677	1
2678	5
2679	3
2680	2
2681	12
2682	1
2683	3
2684	3
2685	10
2686	19
2687	6
2688	8
2689	14
2690	12
2691	11
2692	3
2693	9
2694	23
2695	1
2696	4
2697	4
2698	2
2699	7
2700	4
2701	16
2702	15
2703	15
2704	15
2705	19
2706	4
2707	5
2708	28
2709	15
2710	10
2711	4
2712	1
2713	1
2714	4
2715	11
2716	5
2717	8
2718	23
2719	2
2720	8
2721	3
2722	13
2723	6
2724	8
2725	2
2726	2
2727	7
2728	1
2729	18
2730	31
2731	2
2732	10
2733	4
2734	2
2735	2
2736	1
2737	4
2738	2
2739	1
2740	14
2741	13
2742	18
2743	4
2744	9
2745	3
2746	3
2747	7
2748	35
2749	4
2750	2
2751	30
2752	7
2753	5
2754	9
2755	18
2756	11
2757	1
2758	9
2759	5
2760	8
2761	6
2762	12
2763	4
2764	3
2765	4
2766	13
2767	2
2768	11
2769	28
2770	7
2771	22
2772	29
2773	13
2774	32
2775	17
2776	4
2777	7
2778	14
2779	6
2780	4
2781	2
2782	1
2783	6
2784	3
2785	36
2786	3
2787	2
2788	27
2789	7
2790	7
2791	2
2792	19
2793	16
2794	3
2795	9
2796	5
2797	1
2798	9
2799	6
2800	36
2801	30
2802	12
2803	36
2804	6
2805	19
2806	1
2807	13
2808	7
2809	33
2810	15
2811	2
2812	10
2813	25
2814	2
2815	5
2816	4
2817	21
2818	12
2819	1
2820	9
2821	5
2822	21
2823	2
2824	3
2825	36
2826	2
2827	12
2828	10
2829	17
2830	2
2831	25
2832	2
2833	24
2834	8
2835	8
2836	11
2837	25
2838	8
2839	1
2840	8
2841	4
2842	2
2843	2
2844	4
2845	16
2846	6
2847	5
2848	2
2849	17
2850	12
2851	3
2852	4
2853	5
2854	3
2855	3
2856	3
2857	2
2858	9
2859	7
2860	14
2861	28
2862	5
2863	7
2864	2
2865	2
2866	23
2867	26
2868	6
2869	1
2870	1
2871	1
2872	6
2873	13
2874	10
2875	7
2876	6
2877	17
2878	14
2879	23
2880	12
2881	6
2882	5
2883	5
2884	3
2885	14
2886	29
2887	5
2888	28
2889	2
2890	5
2891	8
2892	4
2893	23
2894	12
2895	2
2896	21
2897	2
2898	4
2899	19
2900	3
2901	1
2902	10
2903	4
2904	16
2905	9
2906	2
2907	20
2908	6
2909	2
2910	35
2911	27
2912	30
2913	5
2914	5
2915	23
2916	4
2917	7
2918	3
2919	3
2920	24
2921	11
2922	5
2923	2
2924	1
2925	18
2926	4
2927	8
2928	15
2929	2
2930	1
2931	7
2932	3
2933	11
2934	7
2935	4
2936	1
2937	21
2938	22
2939	2
2940	2
2941	3
2942	3
2943	1
2944	26
2945	2
2946	1
2947	4
2948	5
2949	13
2950	5
2951	37
2952	2
2953	3
2954	6
2955	13
2956	1
2957	9
2958	6
2959	21
2960	7
2961	2
2962	2
2963	5
2964	14
2965	4
2966	33
2967	8
2968	4
2969	23
2970	7
2971	2
2972	16
2973	1
2974	25
2975	28
2976	13
2977	2
2978	13
2979	4
2980	12
2981	3
2982	11
2983	9
2984	11
2985	3
2986	7
2987	8
2988	7
2989	3
2990	23
2991	9
2992	11
2993	3
2994	6
2995	2
2996	11
2997	16
2998	7
2999	7
3000	2
3001	32
3002	5
3003	18
3004	11
3005	31
3006	1
3007	8
3008	17
3009	3
3010	17
3011	5
3012	24
3013	11
3014	3
3015	2
3016	6
3017	2
3018	5
3019	12
3020	5
3021	2
3022	5
3023	10
3024	5
3025	2
3026	17
3027	27
3028	2
3029	7
3030	3
3031	2
3032	6
3033	5
3034	7
3035	6
3036	13
3037	24
3038	7
3039	18
3040	12
3041	15
3042	5
3043	5
3044	8
3045	1
3046	25
3047	1
3048	12
3049	14
3050	9
3051	27
3052	10
3053	30
3054	4
3055	3
3056	1
3057	5
3058	9
3059	2
3060	8
3061	4
3062	4
3063	6
3064	5
3065	1
3066	37
3067	28
3068	22
3069	3
3070	2
3071	2
3072	33
3073	6
3074	15
3075	10
3076	2
3077	2
3078	5
3079	6
3080	5
3081	2
3082	4
3083	2
3084	7
3085	7
3086	7
3087	4
3088	4
3089	4
3090	27
3091	24
3092	6
3093	8
3094	4
3095	17
3096	8
3097	1
3098	35
3099	6
3100	8
3101	30
3102	3
3103	5
3104	14
3105	14
3106	5
3107	19
3108	2
3109	6
3110	9
3111	4
3112	12
3113	3
3114	13
3115	6
3116	29
3117	4
3118	6
3119	24
3120	30
3121	13
3122	19
3123	7
3124	28
3125	4
3126	2
3127	7
3128	1
3129	7
3130	2
3131	1
3132	9
3133	8
3134	7
3135	20
3136	25
3137	22
3138	4
3139	30
3140	2
3141	9
3142	12
3143	5
3144	30
3145	4
3146	3
3147	17
3148	4
3149	1
3150	7
3151	10
3152	8
3153	33
3154	18
3155	5
3156	10
3157	2
3158	3
3159	9
3160	1
3161	4
3162	5
3163	2
3164	5
3165	4
3166	30
3167	27
3168	1
3169	3
3170	2
3171	1
3172	21
3173	13
3174	4
3175	9
3176	34
3177	37
3178	25
3179	6
3180	3
3181	13
3182	36
3183	7
3184	1
3185	6
3186	12
3187	22
3188	8
3189	2
3190	2
3191	21
3192	10
3193	13
3194	4
3195	1
3196	14
3197	10
3198	1
3199	7
3200	3
3201	19
3202	25
3203	4
3204	2
3205	8
3206	3
3207	2
3208	2
3209	5
3210	7
3211	6
3212	27
3213	28
3214	11
3215	2
3216	32
3217	7
3218	6
3219	22
3220	13
3221	7
3222	9
3223	7
3224	24
3225	5
3226	12
3227	5
3228	2
3229	36
3230	3
3231	3
3232	27
3233	1
3234	29
3235	4
3236	20
3237	4
3238	15
3239	6
3240	16
3241	1
3242	10
3243	26
3244	6
3245	1
3246	32
3247	5
3248	2
3249	31
3250	14
3251	5
3252	1
3253	6
3254	1
3255	4
3256	2
3257	3
3258	9
3259	15
3260	2
3261	18
3262	32
3263	29
3264	6
3265	4
3266	6
3267	3
3268	15
3269	13
3270	17
3271	2
3272	1
3273	6
3274	13
3275	9
3276	5
3277	1
3278	5
3279	3
3280	13
3281	7
3282	1
3283	2
3284	4
3285	5
3286	2
3287	22
3288	1
3289	4
3290	11
3291	2
3292	33
3293	34
3294	35
3295	10
3296	2
3297	14
3298	5
3299	7
3300	2
3301	6
3302	1
3303	5
3304	5
3305	15
3306	14
3307	8
3308	1
3309	11
3310	4
3311	1
3312	7
3313	3
3314	28
3315	36
3316	10
3317	2
3318	27
3319	10
3320	7
3321	12
3322	13
3323	6
3324	3
3325	13
3326	14
3327	6
3328	6
3329	31
3330	3
3331	2
3332	23
3333	2
3334	4
3335	7
3336	1
3337	7
3338	5
3339	4
3340	1
3341	5
3342	15
3343	3
3344	12
3345	10
3346	5
3347	1
3348	2
3349	4
3350	15
3351	28
3352	16
3353	7
3354	4
3355	31
3356	11
3357	14
3358	4
3359	6
3360	3
3361	31
3362	1
3363	25
3364	8
3365	1
3366	5
3367	32
3368	9
3369	5
3370	6
3371	6
3372	2
3373	29
3374	12
3375	1
3376	4
3377	11
3378	6
3379	33
3380	4
3381	35
3382	1
3383	16
3384	2
3385	2
3386	26
3387	4
3388	4
3389	24
3390	7
3391	3
3392	7
3393	7
3394	4
3395	30
3396	5
3397	1
3398	23
3399	2
3400	14
3401	5
3402	30
3403	11
3404	1
3405	19
3406	14
3407	7
3408	4
3409	2
3410	4
3411	2
3412	10
3413	5
3414	4
3415	5
3416	36
3417	1
3418	2
3419	7
3420	5
3421	24
3422	2
3423	5
3424	2
3425	9
3426	22
3427	31
3428	6
3429	34
3430	2
3431	34
3432	37
3433	2
3434	9
3435	8
3436	2
3437	8
3438	36
3439	3
3440	8
3441	7
3442	1
3443	13
3444	6
3445	17
3446	29
3447	11
3448	14
3449	1
3450	12
3451	32
3452	4
3453	7
3454	7
3455	2
3456	7
3457	1
3458	9
3459	31
3460	1
3461	4
3462	12
3463	28
3464	13
3465	2
3466	1
3467	32
3468	12
3469	2
3470	2
3471	6
3472	26
3473	5
3474	2
3475	5
3476	17
3477	15
3478	20
3479	2
3480	4
3481	2
3482	4
3483	2
3484	8
3485	5
3486	1
3487	2
3488	5
3489	26
3490	6
3491	2
3492	15
3493	10
3494	1
3495	3
3496	1
3497	13
3498	1
3499	2
3500	1
3501	2
3502	14
3503	33
3504	3
3505	8
3506	6
3507	3
3508	5
3509	13
3510	4
3511	1
3512	29
3513	5
3514	31
3515	32
3516	6
3517	15
3518	1
3519	3
3520	1
3521	3
3522	30
3523	12
3524	10
3525	35
3526	5
3527	11
3528	22
3529	8
3530	19
3531	16
3532	8
3533	29
3534	3
3535	2
3536	3
3537	7
3538	10
3539	5
3540	2
3541	25
3542	11
3543	5
3544	4
3545	5
3546	15
3547	3
3548	1
3549	1
3550	2
3551	7
3552	3
3553	2
3554	2
3555	1
3556	3
3557	4
3558	5
3559	7
3560	7
3561	1
3562	9
3563	22
3564	3
3565	17
3566	1
3567	6
3568	16
3569	2
3570	23
3571	1
3572	28
3573	1
3574	9
3575	21
3576	5
3577	23
3578	2
3579	2
3580	13
3581	6
3582	2
3583	2
3584	2
3585	8
3586	6
3587	28
3588	18
3589	18
3590	27
3591	3
3592	5
3593	2
3594	10
3595	6
3596	12
3597	13
3598	8
3599	4
3600	2
3601	5
3602	5
3603	2
3604	4
3605	27
3606	2
3607	8
3608	2
3609	5
3610	9
3611	2
3612	1
3613	21
3614	4
3615	6
3616	27
3617	2
3618	5
3619	27
3620	4
3621	5
3622	3
3623	5
3624	2
3625	2
3626	1
3627	30
3628	4
3629	14
3630	1
3631	13
3632	14
3633	3
3634	11
3635	18
3636	9
3637	7
3638	6
3639	12
3640	4
3641	10
3642	7
3643	4
3644	34
3645	34
3646	1
3647	2
3648	6
3649	6
3650	12
3651	8
3652	7
3653	17
3654	11
3655	1
3656	2
3657	19
3658	1
3659	5
3660	3
3661	37
3662	28
3663	6
3664	3
3665	8
3666	28
3667	14
3668	5
3669	1
3670	5
3671	2
3672	10
3673	17
3674	1
3675	34
3676	2
3677	3
3678	17
3679	25
3680	9
3681	2
3682	9
3683	1
3684	3
3685	1
3686	20
3687	6
3688	11
3689	15
3690	5
3691	26
3692	7
3693	21
3694	12
3695	1
3696	18
3697	4
3698	11
3699	37
3700	5
3701	8
3702	6
3703	6
3704	8
3705	3
3706	7
3707	3
3708	3
3709	7
3710	8
3711	7
3712	10
3713	16
3714	12
3715	7
3716	13
3717	1
3718	1
3719	30
3720	4
3721	14
3722	12
3723	2
3724	20
3725	36
3726	16
3727	5
3728	3
3729	2
3730	14
3731	7
3732	3
3733	2
3734	19
3735	1
3736	3
3737	13
3738	6
3739	9
3740	17
3741	2
3742	6
3743	1
3744	6
3745	4
3746	11
3747	4
3748	7
3749	34
3750	13
3751	2
3752	27
3753	34
3754	1
3755	2
3756	3
3757	26
3758	3
3759	35
3760	7
3761	17
3762	8
3763	2
3764	14
3765	2
3766	2
3767	2
3768	1
3769	3
3770	3
3771	5
3772	6
3773	20
3774	4
3775	1
3776	2
3777	5
3778	2
3779	16
3780	7
3781	31
3782	18
3783	22
3784	9
3785	2
3786	2
3787	11
3788	4
3789	29
3790	37
3791	11
3792	1
3793	7
3794	6
3795	12
3796	12
3797	12
3798	11
3799	13
3800	11
3801	5
3802	14
3803	2
3804	8
3805	9
3806	9
3807	9
3808	2
3809	35
3810	25
3811	12
3812	2
3813	6
3814	3
3815	37
3816	3
3817	35
3818	23
3819	7
3820	22
3821	2
3822	8
3823	5
3824	4
3825	18
3826	10
3827	2
3828	2
3829	9
3830	9
3831	16
3832	36
3833	24
3834	7
3835	6
3836	16
3837	3
3838	6
3839	2
3840	36
3841	2
3842	3
3843	10
3844	7
3845	7
3846	3
3847	3
3848	7
3849	20
3850	26
3851	3
3852	1
3853	2
3854	7
3855	8
3856	3
3857	5
3858	18
3859	8
3860	34
3861	2
3862	2
3863	3
3864	10
3865	3
3866	9
3867	2
3868	5
3869	1
3870	14
3871	21
3872	2
3873	16
3874	2
3875	5
3876	20
3877	2
3878	2
3879	3
3880	6
3881	4
3882	5
3883	2
3884	14
3885	1
3886	5
3887	14
3888	11
3889	1
3890	2
3891	9
3892	12
3893	2
3894	36
3895	1
3896	4
3897	19
3898	1
3899	3
3900	3
3901	8
3902	2
3903	1
3904	11
3905	6
3906	15
3907	8
3908	3
3909	2
3910	19
3911	32
3912	16
3913	6
3914	2
3915	11
3916	5
3917	2
3918	1
3919	3
3920	7
3921	4
3922	4
3923	5
3924	2
3925	10
3926	2
3927	19
3928	35
3929	2
3930	12
3931	1
3932	1
3933	7
3934	2
3935	3
3936	4
3937	2
3938	7
3939	3
3940	6
3941	2
3942	11
3943	1
3944	7
3945	17
3946	1
3947	1
3948	21
3949	2
3950	21
3951	4
3952	9
3953	5
3954	19
3955	12
3956	1
3957	2
3958	4
3959	23
3960	1
3961	16
3962	6
3963	6
3964	20
3965	25
3966	25
3967	2
3968	14
3969	37
3970	3
3971	9
3972	4
3973	3
3974	14
3975	25
3976	22
3977	1
3978	2
3979	3
3980	25
3981	6
3982	2
3983	3
3984	1
3985	2
3986	3
3987	8
3988	7
3989	4
3990	34
3991	9
3992	8
3993	7
3994	2
3995	4
3996	23
3997	6
3998	5
3999	1
4000	2
4001	10
4002	32
4003	11
4004	11
4005	2
4006	14
4007	2
4008	12
4009	9
4010	10
4011	10
4012	24
4013	5
4014	31
4015	3
4016	15
4017	16
4018	2
4019	4
4020	22
4021	7
4022	8
4023	12
4024	7
4025	4
4026	4
4027	5
4028	20
4029	37
4030	2
4031	6
4032	2
4033	10
4034	3
4035	9
4036	1
4037	3
4038	34
4039	5
4040	6
4041	3
4042	7
4043	1
4044	2
4045	19
4046	13
4047	1
4048	1
4049	19
4050	2
4051	6
4052	16
4053	2
4054	3
4055	7
4056	17
4057	13
4058	17
4059	35
4060	1
4061	3
4062	1
4063	16
4064	3
4065	5
4066	12
4067	2
4068	1
4069	2
4070	2
4071	4
4072	1
4073	2
4074	9
4075	2
4076	5
4077	3
4078	1
4079	1
4080	3
4081	2
4082	4
4083	2
4084	2
4085	4
4086	27
4087	8
4088	2
4089	27
4090	27
4091	2
4092	2
4093	2
4094	2
4095	8
4096	10
4097	13
4098	37
4099	2
4100	4
4101	1
4102	2
4103	6
4104	26
4105	11
4106	2
4107	22
4108	6
4109	18
4110	11
4111	4
4112	3
4113	6
4114	33
4115	25
4116	1
4117	11
4118	4
4119	3
4120	2
4121	3
4122	2
4123	5
4124	1
4125	17
4126	1
4127	16
4128	6
4129	1
4130	10
4131	11
4132	7
4133	4
4134	19
4135	1
4136	3
4137	5
4138	15
4139	23
4140	8
4141	22
4142	2
4143	1
4144	2
4145	1
4146	2
4147	6
4148	4
4149	28
4150	5
4151	16
4152	4
4153	4
4154	6
4155	9
4156	4
4157	7
4158	1
4159	4
4160	8
4161	3
4162	11
4163	37
4164	3
4165	3
4166	26
4167	18
4168	27
4169	1
4170	12
4171	26
4172	4
4173	36
4174	2
4175	28
4176	12
4177	8
4178	3
4179	11
4180	33
4181	5
4182	10
4183	25
4184	12
4185	6
4186	1
4187	1
4188	13
4189	4
4190	2
4191	26
4192	3
4193	6
4194	4
4195	2
4196	21
4197	8
4198	2
4199	11
4200	5
4201	14
4202	32
4203	24
4204	6
4205	20
4206	5
4207	4
4208	5
4209	1
4210	4
4211	9
4212	24
4213	36
4214	24
4215	32
4216	10
4217	1
4218	2
4219	22
4220	7
4221	2
4222	5
4223	5
4224	33
4225	4
4226	17
4227	2
4228	6
4229	6
4230	11
4231	1
4232	5
4233	6
4234	4
4235	35
4236	4
4237	26
4238	1
4239	1
4240	1
4241	2
4242	11
4243	3
4244	29
4245	4
4246	10
4247	4
4248	3
4249	15
4250	1
4251	4
4252	7
4253	1
4254	14
4255	17
4256	28
4257	8
4258	18
4259	9
4260	1
4261	16
4262	1
4263	9
4264	13
4265	15
4266	15
4267	1
4268	2
4269	2
4270	16
4271	8
4272	4
4273	6
4274	3
4275	8
4276	3
4277	19
4278	14
4279	2
4280	4
4281	20
4282	2
4283	5
4284	1
4285	4
4286	1
4287	9
4288	2
4289	6
4290	3
4291	15
4292	4
4293	21
4294	5
4295	1
4296	4
4297	3
4298	10
4299	15
4300	24
4301	14
4302	2
4303	5
4304	2
4305	8
4306	14
4307	11
4308	2
4309	1
4310	12
4311	1
4312	4
4313	9
4314	2
4315	2
4316	30
4317	6
4318	16
4319	6
4320	3
4321	7
4322	23
4323	6
4324	7
4325	22
4326	10
4327	2
4328	2
4329	14
4330	4
4331	2
4332	13
4333	9
4334	5
4335	17
4336	18
4337	10
4338	3
4339	12
4340	13
4341	17
4342	8
4343	5
4344	7
4345	31
4346	1
4347	5
4348	18
4349	7
4350	5
4351	10
4352	3
4353	13
4354	17
4355	30
4356	29
4357	25
4358	2
4359	1
4360	12
4361	2
4362	1
4363	18
4364	4
4365	6
4366	1
4367	3
4368	8
4369	12
4370	11
4371	9
4372	21
4373	7
4374	29
4375	1
4376	4
4377	16
4378	18
4379	7
4380	4
4381	2
4382	34
4383	7
4384	1
4385	1
4386	26
4387	9
4388	5
4389	4
4390	17
4391	12
4392	21
4393	20
4394	12
4395	3
4396	26
4397	8
4398	2
4399	8
4400	19
4401	18
4402	4
4403	16
4404	11
4405	20
4406	26
4407	2
4408	4
4409	23
4410	10
4411	28
4412	3
4413	1
4414	36
4415	2
4416	28
4417	12
4418	19
4419	7
4420	25
4421	1
4422	20
4423	7
4424	2
4425	21
4426	1
4427	11
4428	5
4429	13
4430	10
4431	1
4432	1
4433	12
4434	18
4435	16
4436	6
4437	2
4438	1
4439	4
4440	1
4441	1
4442	13
4443	23
4444	1
4445	6
4446	7
4447	11
4448	1
4449	28
4450	21
4451	2
4452	3
4453	4
4454	15
4455	8
4456	7
4457	20
4458	28
4459	12
4460	3
4461	11
4462	3
4463	4
4464	1
4465	3
4466	7
4467	5
4468	2
4469	27
4470	3
4471	21
4472	3
4473	6
4474	7
4475	9
4476	3
4477	13
4478	8
4479	3
4480	10
4481	32
4482	7
4483	6
4484	2
4485	2
4486	7
4487	20
4488	8
4489	10
4490	1
4491	7
4492	2
4493	5
4494	2
4495	3
4496	21
4497	11
4498	5
4499	10
4500	2
4501	15
4502	31
4503	4
4504	3
4505	10
4506	10
4507	8
4508	2
4509	22
4510	5
4511	2
4512	25
4513	7
4514	18
4515	2
4516	3
4517	2
4518	21
4519	26
4520	2
4521	2
4522	21
4523	2
4524	4
4525	1
4526	27
4527	17
4528	5
4529	1
4530	11
4531	6
4532	4
4533	1
4534	10
4535	4
4536	2
4537	30
4538	12
4539	13
4540	3
4541	7
4542	1
4543	24
4544	1
4545	4
4546	15
4547	34
4548	8
4549	7
4550	8
4551	6
4552	1
4553	11
4554	13
4555	14
4556	13
4557	1
4558	1
4559	1
4560	12
4561	1
4562	26
4563	19
4564	8
4565	18
4566	23
4567	29
4568	11
4569	3
4570	19
4571	18
4572	21
4573	3
4574	3
4575	23
4576	3
4577	11
4578	23
4579	4
4580	8
4581	6
4582	27
4583	7
4584	1
4585	1
4586	3
4587	6
4588	31
4589	4
4590	1
4591	5
4592	2
4593	4
4594	7
4595	5
4596	9
4597	27
4598	2
4599	5
4600	17
4601	5
4602	7
4603	6
4604	10
4605	6
4606	2
4607	15
4608	26
4609	2
4610	33
4611	6
4612	26
4613	34
4614	14
4615	7
4616	2
4617	31
4618	14
4619	1
4620	26
4621	23
4622	6
4623	8
4624	8
4625	1
4626	4
4627	2
4628	34
4629	1
4630	3
4631	14
4632	3
4633	31
4634	3
4635	7
4636	15
4637	8
4638	24
4639	11
4640	5
4641	4
4642	24
4643	12
4644	2
4645	2
4646	14
4647	4
4648	6
4649	11
4650	27
4651	3
4652	12
4653	27
4654	1
4655	8
4656	5
4657	7
4658	17
4659	15
4660	1
4661	13
4662	1
4663	1
4664	2
4665	6
4666	18
4667	2
4668	10
4669	1
4670	2
4671	2
4672	14
4673	1
4674	22
4675	4
4676	29
4677	36
4678	6
4679	5
4680	28
4681	3
4682	28
4683	6
4684	17
4685	8
4686	1
4687	24
4688	35
4689	4
4690	2
4691	6
4692	1
4693	2
4694	9
4695	1
4696	2
4697	13
4698	20
4699	11
4700	1
4701	5
4702	3
4703	14
4704	10
4705	3
4706	31
4707	23
4708	22
4709	2
4710	19
4711	5
4712	4
4713	4
4714	15
4715	17
4716	1
4717	8
4718	6
4719	22
4720	1
4721	3
4722	21
4723	3
4724	15
4725	4
4726	18
4727	22
4728	1
4729	30
4730	6
4731	3
4732	6
4733	1
4734	4
4735	5
4736	24
4737	20
4738	7
4739	13
4740	14
4741	13
4742	3
4743	2
4744	3
4745	7
4746	3
4747	22
4748	2
4749	9
4750	20
4751	33
4752	2
4753	5
4754	14
4755	21
4756	28
4757	10
4758	30
4759	1
4760	6
4761	35
4762	3
4763	2
4764	3
4765	1
4766	3
4767	5
4768	2
4769	9
4770	6
4771	1
4772	6
4773	12
4774	6
4775	10
4776	3
4777	6
4778	9
4779	4
4780	2
4781	2
4782	15
4783	5
4784	13
4785	18
4786	22
4787	25
4788	2
4789	3
4790	3
4791	2
4792	3
4793	2
4794	1
4795	6
4796	2
4797	18
4798	17
4799	19
4800	1
4801	23
4802	8
4803	1
4804	3
4805	18
4806	13
4807	3
4808	3
4809	10
4810	7
4811	11
4812	2
4813	3
4814	6
4815	18
4816	2
4817	23
4818	17
4819	5
4820	3
4821	1
4822	4
4823	1
4824	26
4825	16
4826	5
4827	5
4828	7
4829	11
4830	7
4831	1
4832	5
4833	15
4834	6
4835	26
4836	1
4837	15
4838	3
4839	8
4840	10
4841	15
4842	15
4843	1
4844	14
4845	3
4846	4
4847	6
4848	36
4849	1
4850	7
4851	1
4852	5
4853	14
4854	2
4855	21
4856	2
4857	5
4858	7
4859	5
4860	3
4861	13
4862	22
4863	4
4864	7
4865	3
4866	7
4867	31
4868	11
4869	15
4870	3
4871	6
4872	2
4873	8
4874	1
4875	5
4876	5
4877	6
4878	8
4879	11
4880	1
4881	11
4882	3
4883	30
4884	16
4885	21
4886	5
4887	12
4888	1
4889	11
4890	3
4891	10
4892	5
4893	2
4894	5
4895	23
4896	20
4897	4
4898	3
4899	2
4900	12
4901	32
4902	3
4903	5
4904	12
4905	6
4906	5
4907	2
4908	3
4909	13
4910	21
4911	1
4912	2
4913	3
4914	6
4915	4
4916	3
4917	7
4918	3
4919	4
4920	14
4921	16
4922	14
4923	7
4924	9
4925	4
4926	7
4927	13
4928	12
4929	18
4930	5
4931	4
4932	4
4933	7
4934	3
4935	7
4936	13
4937	1
4938	14
4939	2
4940	1
4941	27
4942	1
4943	11
4944	11
4945	18
4946	4
4947	4
4948	6
4949	16
4950	12
4951	6
4952	1
4953	19
4954	4
4955	7
4956	7
4957	2
4958	5
4959	1
4960	5
4961	4
4962	8
4963	25
4964	6
4965	9
4966	15
4967	30
4968	33
4969	5
4970	2
4971	3
4972	4
4973	1
4974	2
4975	2
4976	2
4977	27
4978	22
4979	14
4980	23
4981	3
4982	8
4983	8
4984	13
4985	1
4986	16
4987	11
4988	2
4989	19
4990	2
4991	2
4992	3
4993	4
4994	2
4995	2
4996	2
4997	5
4998	23
4999	5
5000	2
5001	4
5002	3
5003	1
5004	3
5005	4
5006	16
5007	1
5008	4
5009	5
5010	2
5011	4
5012	11
5013	4
5014	1
5015	4
5016	4
5017	22
5018	3
5019	16
5020	10
5021	4
5022	3
5023	2
5024	3
5025	3
5026	30
5027	1
5028	8
5029	13
5030	2
5031	9
5032	4
5033	2
5034	24
5035	16
5036	1
5037	30
5038	2
5039	2
5040	2
5041	31
5042	4
5043	13
5044	9
5045	3
5046	1
5047	1
5048	6
5049	4
5050	9
5051	6
5052	27
5053	2
5054	1
5055	5
5056	6
5057	2
5058	6
5059	5
5060	12
5061	3
5062	12
5063	20
5064	6
5065	22
5066	9
5067	1
5068	1
5069	3
5070	1
5071	24
5072	2
5073	20
5074	15
5075	34
5076	6
5077	3
5078	6
5079	19
5080	3
5081	5
5082	37
5083	13
5084	16
5085	4
5086	4
5087	1
5088	5
5089	7
5090	7
5091	3
5092	1
5093	5
5094	1
5095	3
5096	27
5097	14
5098	33
5099	1
5100	2
5101	8
5102	5
5103	23
5104	28
5105	7
5106	3
5107	34
5108	1
5109	8
5110	26
5111	25
5112	3
5113	7
5114	11
5115	3
5116	3
5117	8
5118	2
5119	13
5120	2
5121	1
5122	11
5123	7
5124	11
5125	3
5126	5
5127	12
5128	1
5129	11
5130	5
5131	4
5132	5
5133	14
5134	33
5135	12
5136	3
5137	3
5138	9
5139	4
5140	10
5141	2
5142	1
5143	2
5144	12
5145	2
5146	1
5147	18
5148	36
5149	26
5150	1
5151	3
5152	5
5153	3
5154	24
5155	27
5156	9
5157	4
5158	8
5159	26
5160	1
5161	8
5162	25
5163	8
5164	8
5165	11
5166	32
5167	2
5168	3
5169	8
5170	3
5171	19
5172	1
5173	23
5174	16
5175	3
5176	4
5177	1
5178	1
5179	2
5180	3
5181	4
5182	5
5183	2
5184	1
5185	24
5186	8
5187	5
5188	10
5189	8
5190	1
5191	13
5192	6
5193	3
5194	2
5195	4
5196	5
5197	6
5198	31
5199	8
5200	25
5201	6
5202	3
5203	11
5204	31
5205	32
5206	9
5207	1
5208	18
5209	22
5210	3
5211	17
5212	7
5213	14
5214	24
5215	6
5216	6
5217	9
5218	2
5219	1
5220	29
5221	6
5222	1
5223	8
5224	5
5225	11
5226	37
5227	15
5228	1
5229	1
5230	35
5231	2
5232	5
5233	15
5234	5
5235	13
5236	3
5237	2
5238	1
5239	22
5240	16
5241	4
5242	17
5243	30
5244	25
5245	8
5246	4
5247	1
5248	4
5249	32
5250	17
5251	8
5252	4
5253	4
5254	5
5255	11
5256	11
5257	7
5258	10
5259	5
5260	5
5261	24
5262	8
5263	2
5264	13
5265	13
5266	24
5267	2
5268	2
5269	8
5270	13
5271	1
5272	10
5273	6
5274	5
5275	1
5276	4
5277	2
5278	14
5279	11
5280	1
5281	3
5282	2
5283	2
5284	6
5285	3
5286	12
5287	13
5288	12
5289	2
5290	5
5291	6
5292	13
5293	7
5294	15
5295	13
5296	7
5297	2
5298	7
5299	5
5300	13
5301	7
5302	10
5303	10
5304	2
5305	2
5306	26
5307	1
5308	18
5309	33
5310	25
5311	20
5312	2
5313	27
5314	3
5315	2
5316	2
5317	2
5318	2
5319	2
5320	1
5321	8
5322	8
5323	32
5324	1
5325	12
5326	33
5327	7
5328	2
5329	4
5330	2
5331	3
5332	1
5333	36
5334	20
5335	8
5336	20
5337	4
5338	9
5339	8
5340	20
5341	25
5342	2
5343	8
5344	9
5345	2
5346	26
5347	2
5348	2
5349	11
5350	1
5351	2
5352	2
5353	21
5354	2
5355	9
5356	4
5357	11
5358	18
5359	3
5360	20
5361	7
5362	9
5363	5
5364	5
5365	3
5366	6
5367	11
5368	15
5369	4
5370	1
5371	2
5372	3
5373	2
5374	4
5375	5
5376	16
5377	2
5378	4
5379	2
5380	4
5381	8
5382	1
5383	9
5384	10
5385	1
5386	9
5387	17
5388	23
5389	26
5390	11
5391	2
5392	8
5393	1
5394	3
5395	4
5396	6
5397	3
5398	19
5399	3
5400	12
5401	33
5402	10
5403	2
5404	4
5405	3
5406	1
5407	4
5408	4
5409	3
5410	7
5411	15
5412	1
5413	9
5414	9
5415	5
5416	2
5417	14
5418	2
5419	2
5420	3
5421	17
5422	2
5423	9
5424	34
5425	1
5426	9
5427	17
5428	3
5429	5
5430	15
5431	22
5432	2
5433	3
5434	13
5435	22
5436	1
5437	2
5438	12
5439	6
5440	10
5441	6
5442	10
5443	6
5444	6
5445	2
5446	2
5447	18
5448	3
5449	4
5450	32
5451	6
5452	5
5453	7
5454	11
5455	3
5456	1
5457	4
5458	19
5459	24
5460	34
5461	11
5462	3
5463	5
5464	18
5465	16
5466	2
5467	2
5468	5
5469	3
5470	1
5471	3
5472	7
5473	10
5474	2
5475	3
5476	4
5477	3
5478	20
5479	20
5480	8
5481	5
5482	4
5483	7
5484	29
5485	1
5486	4
5487	5
5488	4
5489	4
5490	11
5491	3
5492	2
5493	3
5494	37
5495	12
5496	2
5497	8
5498	7
5499	4
5500	3
5501	2
5502	2
5503	3
5504	16
5505	12
5506	16
5507	1
5508	3
5509	4
5510	5
5511	22
5512	5
5513	13
5514	2
5515	14
5516	2
5517	22
5518	4
5519	34
5520	8
5521	7
5522	10
5523	5
5524	15
5525	1
5526	2
5527	3
5528	9
5529	12
5530	8
5531	28
5532	11
5533	24
5534	6
5535	9
5536	8
5537	13
5538	2
5539	10
5540	6
5541	1
5542	3
5543	2
5544	2
5545	25
5546	8
5547	25
5548	2
5549	1
5550	5
5551	1
5552	29
5553	10
5554	1
5555	6
5556	1
5557	4
5558	3
5559	2
5560	13
5561	2
5562	8
5563	2
5564	6
5565	33
5566	2
5567	2
5568	1
5569	9
5570	6
5571	12
5572	2
5573	7
5574	16
5575	2
5576	10
5577	5
5578	1
5579	1
5580	8
5581	13
5582	27
5583	10
5584	14
5585	29
5586	3
5587	3
5588	1
5589	6
5590	5
5591	23
5592	24
5593	2
5594	1
5595	1
5596	1
5597	3
5598	28
5599	3
5600	1
5601	6
5602	2
5603	2
5604	3
5605	17
5606	3
5607	8
5608	1
5609	17
5610	4
5611	13
5612	4
5613	2
5614	3
5615	5
5616	10
5617	36
5618	4
5619	23
5620	1
5621	24
5622	15
5623	4
5624	12
5625	19
5626	5
5627	6
5628	10
5629	2
5630	11
5631	33
5632	7
5633	1
5634	14
5635	8
5636	13
5637	4
5638	2
5639	14
5640	4
5641	6
5642	8
5643	2
5644	17
5645	4
5646	10
5647	2
5648	25
5649	3
5650	2
5651	29
5652	5
5653	5
5654	26
5655	2
5656	8
5657	5
5658	5
5659	3
5660	9
5661	12
5662	2
5663	2
5664	27
5665	8
5666	30
5667	12
5668	17
5669	4
5670	2
5671	6
5672	3
5673	3
5674	6
5675	2
5676	4
5677	8
5678	25
5679	23
5680	2
5681	5
5682	1
5683	18
5684	3
5685	4
5686	12
5687	3
5688	22
5689	21
5690	4
5691	1
5692	3
5693	14
5694	1
5695	4
5696	1
5697	5
5698	1
5699	23
5700	1
5701	2
5702	5
5703	21
5704	24
5705	1
5706	8
5707	11
5708	6
5709	9
5710	5
5711	20
5712	19
5713	6
5714	18
5715	4
5716	2
5717	4
5718	4
5719	2
5720	1
5721	5
5722	2
5723	4
5724	31
5725	5
5726	10
5727	6
5728	4
5729	2
5730	11
5731	7
5732	20
5733	2
5734	21
5735	8
5736	3
5737	4
5738	6
5739	25
5740	5
5741	13
5742	6
5743	5
5744	32
5745	11
5746	1
5747	9
5748	11
5749	6
5750	11
5751	2
5752	2
5753	2
5754	15
5755	4
5756	3
5757	14
5758	2
5759	15
5760	9
5761	2
5762	3
5763	4
5764	11
5765	18
5766	21
5767	3
5768	12
5769	14
5770	2
5771	1
5772	5
5773	24
5774	1
5775	1
5776	5
5777	3
5778	17
5779	7
5780	6
5781	25
5782	1
5783	2
5784	3
5785	20
5786	5
5787	2
5788	2
5789	12
5790	16
5791	12
5792	25
5793	1
5794	2
5795	6
5796	28
5797	20
5798	15
5799	5
5800	16
5801	4
5802	1
5803	19
5804	7
5805	7
5806	2
5807	15
5808	1
5809	13
5810	2
5811	4
5812	2
5813	18
5814	22
5815	9
5816	10
5817	9
5818	5
5819	13
5820	6
5821	8
5822	3
5823	6
5824	28
5825	2
5826	6
5827	5
5828	7
5829	12
5830	6
5831	33
5832	6
5833	5
5834	8
5835	5
5836	2
5837	29
5838	9
5839	8
5840	28
5841	37
5842	1
5843	12
5844	10
5845	2
5846	29
5847	11
5848	25
5849	1
5850	17
5851	3
5852	1
5853	3
5854	11
5855	6
5856	19
5857	4
5858	21
5859	10
5860	14
5861	10
5862	8
5863	4
5864	2
5865	12
5866	10
5867	5
5868	13
5869	4
5870	21
5871	5
5872	10
5873	9
5874	16
5875	1
5876	1
5877	11
5878	11
5879	3
5880	5
5881	11
5882	5
5883	11
5884	25
5885	4
5886	3
5887	2
5888	2
5889	23
5890	3
5891	3
5892	7
5893	5
5894	14
5895	1
5896	14
5897	4
5898	16
5899	8
5900	21
5901	8
5902	25
5903	14
5904	15
5905	1
5906	5
5907	12
5908	13
5909	3
5910	13
5911	9
5912	14
5913	4
5914	2
5915	5
5916	2
5917	2
5918	6
5919	7
5920	18
5921	29
5922	11
5923	21
5924	4
5925	2
5926	7
5927	2
5928	2
5929	37
5930	11
5931	22
5932	5
5933	3
5934	4
5935	17
5936	5
5937	3
5938	13
5939	3
5940	27
5941	21
5942	19
5943	13
5944	8
5945	3
5946	4
5947	9
5948	8
5949	4
5950	17
5951	1
5952	6
5953	10
5954	3
5955	2
5956	10
5957	3
5958	4
5959	7
5960	7
5961	5
5962	2
5963	19
5964	1
5965	2
5966	5
5967	3
5968	11
5969	29
5970	2
5971	7
5972	18
5973	9
5974	2
5975	2
5976	1
5977	5
5978	1
5979	25
5980	17
5981	6
5982	2
5983	15
5984	5
5985	6
5986	4
5987	15
5988	8
5989	1
5990	5
5991	3
5992	7
5993	1
5994	11
5995	9
5996	16
5997	1
5998	1
5999	26
6000	3
6001	20
6002	2
6003	3
6004	4
6005	6
6006	3
6007	6
6008	4
6009	13
6010	7
6011	11
6012	6
6013	3
6014	8
6015	16
6016	5
6017	2
6018	1
6019	24
6020	25
6021	31
6022	10
6023	3
6024	1
6025	8
6026	12
6027	1
6028	4
6029	19
6030	13
6031	5
6032	2
6033	11
6034	6
6035	13
6036	7
6037	16
6038	12
6039	1
6040	4
6041	29
6042	19
6043	3
6044	3
6045	1
6046	4
6047	3
6048	1
6049	2
6050	6
6051	6
6052	13
6053	20
6054	16
6055	12
6056	2
6057	4
6058	26
6059	7
6060	2
6061	7
6062	1
6063	21
6064	2
6065	22
6066	33
6067	20
6068	17
6069	4
6070	8
6071	8
6072	9
6073	9
6074	8
6075	1
6076	31
6077	1
6078	12
6079	2
6080	13
6081	7
6082	21
6083	6
6084	17
6085	3
6086	5
6087	1
6088	3
6089	7
6090	12
6091	15
6092	8
6093	3
6094	4
6095	10
6096	9
6097	4
6098	33
6099	1
6100	9
6101	7
6102	12
6103	8
6104	7
6105	9
6106	5
6107	28
6108	19
6109	1
6110	2
6111	7
6112	3
6113	19
6114	13
6115	1
6116	2
6117	14
6118	7
6119	5
6120	10
6121	5
6122	1
6123	3
6124	3
6125	28
6126	4
6127	2
6128	3
6129	14
6130	2
6131	21
6132	10
6133	2
6134	1
6135	4
6136	5
6137	1
6138	2
6139	12
6140	6
6141	6
6142	4
6143	2
6144	2
6145	4
6146	3
6147	3
6148	3
6149	2
6150	16
6151	29
6152	9
6153	1
6154	25
6155	3
6156	26
6157	6
6158	8
6159	4
6160	1
6161	2
6162	20
6163	21
6164	1
6165	3
6166	14
6167	2
6168	9
6169	30
6170	29
6171	10
6172	9
6173	2
6174	4
6175	21
6176	11
6177	32
6178	8
6179	18
6180	12
6181	13
6182	5
6183	21
6184	4
6185	32
6186	2
6187	2
6188	2
6189	2
6190	37
6191	10
6192	17
6193	2
6194	6
6195	23
6196	6
6197	17
6198	10
6199	5
6200	2
6201	12
6202	36
6203	6
6204	4
6205	16
6206	4
6207	15
6208	2
6209	17
6210	7
6211	16
6212	16
6213	22
6214	13
6215	30
6216	2
6217	4
6218	7
6219	5
6220	2
6221	2
6222	13
6223	1
6224	25
6225	3
6226	14
6227	10
6228	2
6229	4
6230	9
6231	14
6232	35
6233	9
6234	2
6235	27
6236	2
6237	1
6238	15
6239	11
6240	10
6241	6
6242	34
6243	10
6244	1
6245	10
6246	5
6247	8
6248	14
6249	15
6250	3
6251	5
6252	12
6253	7
6254	7
6255	7
6256	7
6257	1
6258	12
6259	8
6260	2
6261	24
6262	13
6263	1
6264	4
6265	1
6266	3
6267	1
6268	19
6269	6
6270	33
6271	31
6272	28
6273	10
6274	2
6275	6
6276	4
6277	3
6278	2
6279	23
6280	8
6281	1
6282	3
6283	5
6284	1
6285	12
6286	31
6287	6
6288	3
6289	1
6290	1
6291	2
6292	24
6293	12
6294	4
6295	21
6296	18
6297	30
6298	18
6299	1
6300	13
6301	8
6302	14
6303	16
6304	3
6305	4
6306	1
6307	1
6308	4
6309	16
6310	26
6311	2
6312	17
6313	6
6314	32
6315	2
6316	27
6317	5
6318	11
6319	3
6320	32
6321	3
6322	3
6323	35
6324	8
6325	7
6326	5
6327	2
6328	2
6329	2
6330	9
6331	2
6332	2
6333	13
6334	1
6335	3
6336	1
6337	25
6338	23
6339	2
6340	34
6341	1
6342	5
6343	32
6344	5
6345	14
6346	3
6347	29
6348	2
6349	7
6350	3
6351	5
6352	19
6353	5
6354	6
6355	20
6356	27
6357	1
6358	4
6359	14
6360	24
6361	13
6362	5
6363	13
6364	1
6365	12
6366	23
6367	5
6368	2
6369	8
6370	2
6371	22
6372	10
6373	14
6374	28
6375	33
6376	12
6377	4
6378	7
6379	8
6380	2
6381	6
6382	3
6383	20
6384	1
6385	32
6386	15
6387	3
6388	1
6389	1
6390	2
6391	12
6392	19
6393	2
6394	4
6395	10
6396	6
6397	32
6398	11
6399	1
6400	13
6401	1
6402	1
6403	1
6404	19
6405	18
6406	2
6407	6
6408	14
6409	8
6410	1
6411	10
6412	14
6413	27
6414	2
6415	30
6416	17
6417	1
6418	21
6419	6
6420	11
6421	2
6422	2
6423	12
6424	17
6425	24
6426	3
6427	28
6428	5
6429	7
6430	5
6431	2
6432	12
6433	24
6434	3
6435	6
6436	29
6437	30
6438	11
6439	1
6440	1
6441	19
6442	3
6443	6
6444	2
6445	2
6446	3
6447	7
6448	2
6449	2
6450	8
6451	9
6452	33
6453	5
6454	3
6455	2
6456	13
6457	30
6458	10
6459	2
6460	5
6461	2
6462	1
6463	10
6464	3
6465	2
6466	9
6467	13
6468	4
6469	7
6470	24
6471	2
6472	3
6473	6
6474	3
6475	32
6476	2
6477	15
6478	1
6479	1
6480	2
6481	2
6482	15
6483	1
6484	23
6485	36
6486	8
6487	2
6488	29
6489	2
6490	1
6491	35
6492	2
6493	18
6494	9
6495	1
6496	1
6497	31
6498	4
6499	15
6500	3
6501	7
6502	2
6503	6
6504	5
6505	6
6506	22
6507	5
6508	27
6509	8
6510	1
6511	27
6512	14
6513	9
6514	20
6515	4
6516	21
6517	5
6518	4
6519	4
6520	13
6521	11
6522	10
6523	6
6524	7
6525	6
6526	16
6527	6
6528	5
6529	2
6530	2
6531	2
6532	4
6533	26
6534	6
6535	12
6536	4
6537	20
6538	3
6539	1
6540	6
6541	10
6542	24
6543	33
6544	2
6545	37
6546	5
6547	7
6548	6
6549	3
6550	11
6551	1
6552	1
6553	3
6554	10
6555	29
6556	1
6557	2
6558	4
6559	2
6560	1
6561	9
6562	8
6563	6
6564	2
6565	18
6566	3
6567	12
6568	33
6569	7
6570	2
6571	26
6572	13
6573	5
6574	2
6575	16
6576	10
6577	28
6578	8
6579	3
6580	11
6581	11
6582	15
6583	7
6584	10
6585	9
6586	7
6587	3
6588	10
6589	36
6590	25
6591	6
6592	3
6593	9
6594	9
6595	5
6596	4
6597	1
6598	10
6599	2
6600	1
6601	1
6602	9
6603	4
6604	2
6605	13
6606	3
6607	3
6608	6
6609	2
6610	5
6611	13
6612	3
6613	1
6614	7
6615	1
6616	9
6617	24
6618	3
6619	2
6620	1
6621	4
6622	13
6623	30
6624	3
6625	3
6626	2
6627	10
6628	1
6629	8
6630	18
6631	1
6632	6
6633	30
6634	18
6635	22
6636	31
6637	4
6638	13
6639	2
6640	28
6641	7
6642	9
6643	12
6644	2
6645	29
6646	1
6647	15
6648	37
6649	7
6650	34
6651	2
6652	2
6653	31
6654	4
6655	8
6656	7
6657	1
6658	2
6659	2
6660	1
6661	6
6662	27
6663	12
6664	13
6665	4
6666	7
6667	6
6668	32
6669	18
6670	10
6671	4
6672	6
6673	6
6674	2
6675	10
6676	17
6677	3
6678	4
6679	12
6680	4
6681	2
6682	4
6683	2
6684	20
6685	19
6686	2
6687	6
6688	26
6689	19
6690	27
6691	7
6692	36
6693	3
6694	2
6695	6
6696	2
6697	11
6698	2
6699	25
6700	13
6701	1
6702	13
6703	14
6704	4
6705	3
6706	12
6707	5
6708	15
6709	2
6710	4
6711	2
6712	6
6713	7
6714	3
6715	2
6716	15
6717	1
6718	4
6719	9
6720	7
6721	4
6722	32
6723	17
6724	18
6725	2
6726	16
6727	2
6728	1
6729	2
6730	5
6731	8
6732	11
6733	18
6734	14
6735	3
6736	25
6737	4
6738	1
6739	33
6740	10
6741	6
6742	2
6743	6
6744	8
6745	4
6746	2
6747	4
6748	36
6749	27
6750	17
6751	26
6752	1
6753	14
6754	2
6755	2
6756	3
6757	6
6758	5
6759	31
6760	7
6761	2
6762	18
6763	5
6764	4
6765	1
6766	5
6767	4
6768	7
6769	20
6770	13
6771	5
6772	19
6773	1
6774	15
6775	5
6776	3
6777	3
6778	1
6779	12
6780	16
6781	1
6782	3
6783	7
6784	4
6785	36
6786	15
6787	26
6788	2
6789	5
6790	8
6791	33
6792	30
6793	4
6794	5
6795	21
6796	3
6797	5
6798	1
6799	2
6800	3
6801	2
6802	25
6803	17
6804	7
6805	2
6806	8
6807	7
6808	1
6809	3
6810	7
6811	17
6812	2
6813	17
6814	7
6815	29
6816	10
6817	30
6818	8
6819	2
6820	8
6821	23
6822	28
6823	2
6824	5
6825	2
6826	21
6827	2
6828	28
6829	11
6830	10
6831	36
6832	34
6833	12
6834	1
6835	24
6836	34
6837	4
6838	22
6839	21
6840	18
6841	14
6842	28
6843	7
6844	24
6845	8
6846	16
6847	2
6848	22
6849	14
6850	13
6851	1
6852	10
6853	1
6854	2
6855	8
6856	23
6857	30
6858	2
6859	21
6860	6
6861	2
6862	8
6863	11
6864	3
6865	17
6866	2
6867	10
6868	11
6869	7
6870	13
6871	2
6872	4
6873	1
6874	17
6875	3
6876	2
6877	27
6878	11
6879	8
6880	23
6881	1
6882	3
6883	8
6884	11
6885	1
6886	16
6887	9
6888	6
6889	1
6890	14
6891	2
6892	2
6893	10
6894	30
6895	7
6896	3
6897	1
6898	2
6899	3
6900	16
6901	3
6902	4
6903	1
6904	14
6905	4
6906	10
6907	19
6908	18
6909	14
6910	2
6911	2
6912	9
6913	2
6914	1
6915	3
6916	5
6917	26
6918	13
6919	1
6920	3
6921	23
6922	6
6923	1
6924	5
6925	15
6926	6
6927	2
6928	2
6929	10
6930	6
6931	2
6932	2
6933	3
6934	10
6935	5
6936	2
6937	9
6938	9
6939	2
6940	22
6941	28
6942	3
6943	3
6944	3
6945	7
6946	21
6947	6
6948	2
6949	21
6950	22
6951	17
6952	17
6953	7
6954	18
6955	11
6956	6
6957	1
6958	2
6959	15
6960	5
6961	24
6962	13
6963	27
6964	6
6965	29
6966	5
6967	3
6968	1
6969	7
6970	8
6971	9
6972	10
6973	24
6974	4
6975	25
6976	13
6977	6
6978	15
6979	4
6980	4
6981	10
6982	5
6983	2
6984	6
6985	2
6986	2
6987	1
6988	13
6989	25
6990	4
6991	17
6992	2
6993	9
6994	11
6995	9
6996	3
6997	3
6998	3
6999	2
7000	3
7001	8
7002	12
7003	13
7004	8
7005	18
7006	1
7007	3
7008	1
7009	2
7010	20
7011	9
7012	2
7013	4
7014	22
7015	9
7016	1
7017	15
7018	6
7019	24
7020	13
7021	7
7022	1
7023	4
7024	2
7025	2
7026	9
7027	20
7028	14
7029	7
7030	1
7031	13
7032	15
7033	17
7034	21
7035	6
7036	1
7037	9
7038	6
7039	3
7040	34
7041	22
7042	2
7043	6
7044	12
7045	3
7046	1
7047	29
7048	5
7049	3
7050	1
7051	10
7052	4
7053	5
7054	6
7055	3
7056	2
7057	21
7058	4
7059	13
7060	6
7061	2
7062	5
7063	9
7064	23
7065	5
7066	12
7067	7
7068	8
7069	1
7070	7
7071	3
7072	6
7073	34
7074	29
7075	10
7076	13
7077	3
7078	4
7079	5
7080	4
7081	3
7082	9
7083	10
7084	3
7085	1
7086	8
7087	12
7088	30
7089	6
7090	9
7091	3
7092	4
7093	1
7094	2
7095	27
7096	1
7097	32
7098	6
7099	1
7100	12
7101	22
7102	2
7103	5
7104	3
7105	16
7106	4
7107	24
7108	35
7109	16
7110	19
7111	9
7112	24
7113	9
7114	4
7115	15
7116	30
7117	3
7118	30
7119	8
7120	10
7121	20
7122	29
7123	3
7124	10
7125	5
7126	18
7127	2
7128	7
7129	5
7130	6
7131	7
7132	2
7133	4
7134	1
7135	1
7136	17
7137	9
7138	34
7139	12
7140	12
7141	4
7142	6
7143	22
7144	1
7145	30
7146	2
7147	9
7148	1
7149	19
7150	6
7151	3
7152	30
7153	6
7154	2
7155	4
7156	1
7157	2
7158	3
7159	7
7160	12
7161	6
7162	4
7163	32
7164	12
7165	2
7166	2
7167	4
7168	8
7169	10
7170	2
7171	6
7172	2
7173	1
7174	23
7175	4
7176	2
7177	1
7178	13
7179	17
7180	15
7181	13
7182	4
7183	6
7184	4
7185	8
7186	20
7187	2
7188	10
7189	7
7190	3
7191	26
7192	2
7193	12
7194	30
7195	3
7196	18
7197	16
7198	32
7199	2
7200	9
7201	23
7202	3
7203	3
7204	2
7205	10
7206	6
7207	1
7208	11
7209	29
7210	2
7211	16
7212	1
7213	11
7214	13
7215	1
7216	16
7217	31
7218	1
7219	19
7220	7
7221	3
7222	4
7223	14
7224	2
7225	10
7226	4
7227	2
7228	6
7229	14
7230	25
7231	7
7232	1
7233	1
7234	28
7235	5
7236	7
7237	10
7238	4
7239	12
7240	6
7241	6
7242	1
7243	8
7244	3
7245	2
7246	5
7247	20
7248	7
7249	2
7250	4
7251	16
7252	10
7253	1
7254	19
7255	10
7256	14
7257	7
7258	1
7259	30
7260	17
7261	26
7262	15
7263	2
7264	27
7265	32
7266	19
7267	7
7268	9
7269	13
7270	21
7271	3
7272	4
7273	10
7274	2
7275	14
7276	8
7277	1
7278	31
7279	1
7280	15
7281	8
7282	18
7283	5
7284	25
7285	2
7286	3
7287	8
7288	3
7289	7
7290	25
7291	3
7292	15
7293	7
7294	20
7295	7
7296	6
7297	1
7298	2
7299	29
7300	4
7301	2
7302	9
7303	1
7304	2
7305	2
7306	2
7307	5
7308	4
7309	6
7310	15
7311	3
7312	2
7313	2
7314	23
7315	1
7316	3
7317	2
7318	1
7319	9
7320	24
7321	34
7322	2
7323	17
7324	8
7325	5
7326	9
7327	9
7328	9
7329	20
7330	1
7331	18
7332	1
7333	3
7334	21
7335	4
7336	2
7337	2
7338	4
7339	2
7340	11
7341	3
7342	34
7343	25
7344	24
7345	10
7346	2
7347	6
7348	2
7349	4
7350	7
7351	19
7352	7
7353	3
7354	5
7355	34
7356	18
7357	5
7358	22
7359	12
7360	16
7361	2
7362	13
7363	1
7364	2
7365	2
7366	4
7367	2
7368	2
7369	16
7370	3
7371	7
7372	3
7373	33
7374	1
7375	2
7376	1
7377	37
7378	17
7379	4
7380	22
7381	18
7382	2
7383	14
7384	3
7385	3
7386	14
7387	4
7388	1
7389	18
7390	15
7391	12
7392	3
7393	27
7394	10
7395	10
7396	7
7397	34
7398	24
7399	30
7400	6
7401	10
7402	23
7403	6
7404	6
7405	3
7406	2
7407	3
7408	2
7409	5
7410	4
7411	12
7412	16
7413	4
7414	3
7415	3
7416	10
7417	3
7418	11
7419	3
7420	1
7421	7
7422	14
7423	16
7424	7
7425	1
7426	27
7427	12
7428	8
7429	2
7430	2
7431	13
7432	8
7433	6
7434	1
7435	4
7436	2
7437	2
7438	4
7439	2
7440	9
7441	5
7442	20
7443	5
7444	6
7445	5
7446	6
7447	1
7448	5
7449	9
7450	10
7451	5
7452	3
7453	23
7454	10
7455	4
7456	6
7457	19
7458	6
7459	33
7460	12
7461	14
7462	9
7463	4
7464	3
7465	1
7466	7
7467	10
7468	2
7469	1
7470	8
7471	2
7472	7
7473	8
7474	2
7475	7
7476	18
7477	18
7478	3
7479	4
7480	7
7481	21
7482	1
7483	5
7484	1
7485	1
7486	16
7487	5
7488	10
7489	17
7490	24
7491	18
7492	1
7493	6
7494	13
7495	24
7496	4
7497	16
7498	1
7499	5
7500	3
7501	1
7502	5
7503	11
7504	4
7505	5
7506	35
7507	4
7508	1
7509	9
7510	4
7511	7
7512	1
7513	14
7514	4
7515	18
7516	22
7517	1
7518	5
7519	2
7520	26
7521	2
7522	3
7523	5
7524	17
7525	10
7526	13
7527	2
7528	6
7529	2
7530	21
7531	7
7532	3
7533	2
7534	6
7535	9
7536	3
7537	7
7538	26
7539	7
7540	9
7541	3
7542	22
7543	1
7544	7
7545	28
7546	27
7547	12
7548	4
7549	2
7550	1
7551	34
7552	11
7553	5
7554	4
7555	22
7556	6
7557	6
7558	2
7559	9
7560	11
7561	6
7562	11
7563	19
7564	4
7565	14
7566	1
7567	9
7568	2
7569	11
7570	1
7571	5
7572	17
7573	5
7574	2
7575	18
7576	5
7577	4
7578	4
7579	8
7580	8
7581	9
7582	4
7583	4
7584	26
7585	18
7586	6
7587	13
7588	8
7589	4
7590	13
7591	11
7592	5
7593	1
7594	5
7595	2
7596	36
7597	4
7598	16
7599	8
7600	1
7601	1
7602	1
7603	10
7604	23
7605	5
7606	9
7607	8
7608	16
7609	1
7610	7
7611	4
7612	4
7613	23
7614	5
7615	21
7616	5
7617	20
7618	6
7619	16
7620	5
7621	7
7622	30
7623	3
7624	2
7625	19
7626	5
7627	12
7628	1
7629	23
7630	23
7631	5
7632	10
7633	6
7634	2
7635	11
7636	28
7637	3
7638	5
7639	14
7640	6
7641	6
7642	2
7643	5
7644	22
7645	26
7646	16
7647	36
7648	7
7649	2
7650	2
7651	7
7652	1
7653	4
7654	9
7655	19
7656	7
7657	17
7658	2
7659	3
7660	29
7661	5
7662	7
7663	5
7664	1
7665	1
7666	13
7667	10
7668	9
7669	4
7670	25
7671	5
7672	35
7673	6
7674	7
7675	2
7676	12
7677	10
7678	3
7679	6
7680	15
7681	5
7682	30
7683	5
7684	3
7685	15
7686	14
7687	6
7688	4
7689	1
7690	11
7691	21
7692	4
7693	29
7694	1
7695	1
7696	27
7697	1
7698	26
7699	4
7700	16
7701	7
7702	11
7703	4
7704	10
7705	7
7706	13
7707	3
7708	4
7709	13
7710	8
7711	4
7712	8
7713	19
7714	7
7715	7
7716	13
7717	5
7718	3
7719	1
7720	20
7721	4
7722	17
7723	2
7724	6
7725	4
7726	9
7727	8
7728	19
7729	5
7730	9
7731	32
7732	13
7733	6
7734	33
7735	32
7736	5
7737	18
7738	13
7739	2
7740	25
7741	29
7742	2
7743	3
7744	2
7745	25
7746	2
7747	2
7748	25
7749	9
7750	33
7751	31
7752	35
7753	4
7754	3
7755	34
7756	1
7757	2
7758	2
7759	3
7760	2
7761	12
7762	3
7763	23
7764	7
7765	2
7766	13
7767	3
7768	9
7769	1
7770	5
7771	1
7772	13
7773	28
7774	8
7775	2
7776	9
7777	4
7778	19
7779	1
7780	11
7781	14
7782	6
7783	13
7784	4
7785	1
7786	4
7787	30
7788	26
7789	37
7790	3
7791	1
7792	5
7793	7
7794	8
7795	36
7796	7
7797	12
7798	12
7799	4
7800	4
7801	4
7802	6
7803	4
7804	1
7805	7
7806	15
7807	11
7808	7
7809	1
7810	27
7811	24
7812	1
7813	2
7814	6
7815	2
7816	11
7817	7
7818	10
7819	9
7820	3
7821	3
7822	3
7823	24
7824	4
7825	9
7826	1
7827	4
7828	20
7829	9
7830	4
7831	13
7832	33
7833	5
7834	5
7835	1
7836	8
7837	3
7838	2
7839	2
7840	1
7841	5
7842	4
7843	18
7844	11
7845	1
7846	6
7847	15
7848	2
7849	11
7850	1
7851	1
7852	8
7853	5
7854	2
7855	1
7856	15
7857	2
7858	2
7859	2
7860	16
7861	32
7862	7
7863	1
7864	26
7865	16
7866	9
7867	19
7868	5
7869	8
7870	30
7871	3
7872	15
7873	26
7874	1
7875	1
7876	6
7877	2
7878	18
7879	9
7880	10
7881	23
7882	1
7883	11
7884	4
7885	26
7886	6
7887	2
7888	2
7889	12
7890	2
7891	3
7892	21
7893	4
7894	8
7895	6
7896	6
7897	2
7898	8
7899	3
7900	1
7901	15
7902	12
7903	22
7904	8
7905	7
7906	13
7907	2
7908	8
7909	8
7910	1
7911	2
7912	3
7913	8
7914	28
7915	5
7916	14
7917	7
7918	14
7919	2
7920	23
7921	1
7922	10
7923	5
7924	2
7925	31
7926	5
7927	5
7928	35
7929	2
7930	8
7931	7
7932	2
7933	1
7934	9
7935	2
7936	24
7937	3
7938	5
7939	5
7940	7
7941	7
7942	2
7943	14
7944	2
7945	3
7946	5
7947	4
7948	17
7949	9
7950	1
7951	13
7952	4
7953	5
7954	1
7955	2
7956	5
7957	2
7958	3
7959	9
7960	4
7961	33
7962	3
7963	8
7964	6
7965	12
7966	8
7967	3
7968	8
7969	36
7970	4
7971	7
7972	2
7973	11
7974	4
7975	5
7976	2
7977	12
7978	11
7979	30
7980	37
7981	3
7982	4
7983	10
7984	35
7985	16
7986	2
7987	2
7988	31
7989	25
7990	2
7991	33
7992	10
7993	10
7994	3
7995	5
7996	9
7997	3
7998	2
7999	9
8000	13
8001	3
8002	18
8003	11
8004	2
8005	3
8006	15
8007	1
8008	26
8009	7
8010	3
8011	15
8012	3
8013	8
8014	9
8015	2
8016	3
8017	33
8018	1
8019	7
8020	4
8021	28
8022	4
8023	24
8024	16
8025	17
8026	17
8027	5
8028	10
8029	4
8030	7
8031	10
8032	10
8033	9
8034	11
8035	12
8036	9
8037	18
8038	17
8039	8
8040	6
8041	1
8042	3
8043	10
8044	1
8045	21
8046	4
8047	7
8048	4
8049	7
8050	1
8051	1
8052	26
8053	9
8054	1
8055	1
8056	19
8057	25
8058	33
8059	1
8060	9
8061	12
8062	12
8063	8
8064	7
8065	7
8066	8
8067	12
8068	12
8069	5
8070	4
8071	2
8072	2
8073	7
8074	23
8075	6
8076	6
8077	1
8078	5
8079	5
8080	22
8081	27
8082	19
8083	3
8084	15
8085	29
8086	1
8087	4
8088	2
8089	7
8090	4
8091	7
8092	8
8093	11
8094	3
8095	6
8096	21
8097	19
8098	11
8099	8
8100	1
8101	5
8102	4
8103	19
8104	1
8105	7
8106	4
8107	3
8108	2
8109	4
8110	28
8111	2
8112	27
8113	6
8114	31
8115	4
8116	29
8117	14
8118	5
8119	6
8120	5
8121	7
8122	4
8123	11
8124	14
8125	1
8126	35
8127	17
8128	7
8129	3
8130	19
8131	3
8132	10
8133	5
8134	3
8135	1
8136	5
8137	10
8138	2
8139	9
8140	2
8141	1
8142	3
8143	19
8144	3
8145	1
8146	6
8147	13
8148	5
8149	3
8150	12
8151	2
8152	2
8153	3
8154	35
8155	8
8156	9
8157	6
8158	13
8159	21
8160	1
8161	3
8162	2
8163	22
8164	3
8165	6
8166	6
8167	1
8168	2
8169	2
8170	28
8171	24
8172	9
8173	5
8174	16
8175	2
8176	1
8177	6
8178	1
8179	15
8180	11
8181	12
8182	12
8183	13
8184	11
8185	35
8186	12
8187	8
8188	4
8189	3
8190	9
8191	7
8192	2
8193	4
8194	22
8195	2
8196	3
8197	20
8198	17
8199	8
8200	1
8201	2
8202	5
8203	2
8204	2
8205	11
8206	4
8207	3
8208	20
8209	3
8210	18
8211	14
8212	4
8213	4
8214	6
8215	15
8216	23
8217	5
8218	5
8219	4
8220	18
8221	1
8222	28
8223	19
8224	14
8225	13
8226	4
8227	2
8228	1
8229	35
8230	3
8231	26
8232	2
8233	8
8234	5
8235	12
8236	5
8237	28
8238	8
8239	5
8240	6
8241	6
8242	9
8243	11
8244	16
8245	2
8246	29
8247	5
8248	3
8249	3
8250	6
8251	6
8252	6
8253	1
8254	7
8255	1
8256	6
8257	8
8258	31
8259	18
8260	2
8261	6
8262	31
8263	6
8264	23
8265	2
8266	9
8267	8
8268	1
8269	5
8270	10
8271	6
8272	9
8273	18
8274	1
8275	14
8276	18
8277	6
8278	1
8279	2
8280	4
8281	4
8282	5
8283	9
8284	3
8285	4
8286	10
8287	12
8288	14
8289	5
8290	7
8291	4
8292	2
8293	14
8294	5
8295	1
8296	30
8297	2
8298	1
8299	2
8300	4
8301	20
8302	23
8303	3
8304	4
8305	2
8306	7
8307	25
8308	11
8309	9
8310	17
8311	1
8312	2
8313	2
8314	6
8315	7
8316	6
8317	4
8318	8
8319	1
8320	15
8321	21
8322	13
8323	7
8324	7
8325	4
8326	6
8327	6
8328	3
8329	4
8330	4
8331	7
8332	3
8333	9
8334	5
8335	2
8336	2
8337	2
8338	5
8339	1
8340	4
8341	4
8342	31
8343	4
8344	6
8345	13
8346	1
8347	3
8348	6
8349	8
8350	2
8351	7
8352	10
8353	16
8354	2
8355	3
8356	3
8357	14
8358	6
8359	7
8360	2
8361	4
8362	14
8363	2
8364	27
8365	6
8366	11
8367	19
8368	9
8369	3
8370	4
8371	3
8372	35
8373	9
8374	1
8375	8
8376	2
8377	4
8378	35
8379	9
8380	6
8381	1
8382	3
8383	4
8384	10
8385	3
8386	2
8387	4
8388	1
8389	8
8390	6
8391	2
8392	2
8393	24
8394	25
8395	6
8396	6
8397	9
8398	11
8399	7
8400	2
8401	10
8402	1
8403	7
8404	6
8405	4
8406	4
8407	1
8408	2
8409	17
8410	5
8411	10
8412	23
8413	5
8414	11
8415	3
8416	7
8417	11
8418	4
8419	3
8420	17
8421	6
8422	9
8423	2
8424	34
8425	5
8426	10
8427	6
8428	2
8429	11
8430	9
8431	21
8432	1
8433	1
8434	3
8435	2
8436	2
8437	6
8438	4
8439	1
8440	1
8441	2
8442	3
8443	9
8444	7
8445	23
8446	10
8447	10
8448	8
8449	10
8450	1
8451	9
8452	5
8453	8
8454	6
8455	8
8456	10
8457	12
8458	7
8459	24
8460	27
8461	4
8462	8
8463	30
8464	9
8465	6
8466	22
8467	2
8468	19
8469	7
8470	1
8471	2
8472	7
8473	2
8474	3
8475	25
8476	2
8477	15
8478	12
8479	1
8480	15
8481	16
8482	3
8483	35
8484	6
8485	3
8486	28
8487	35
8488	3
8489	3
8490	4
8491	9
8492	2
8493	31
8494	14
8495	2
8496	17
8497	3
8498	16
8499	5
8500	12
8501	13
8502	9
8503	1
8504	5
8505	2
8506	3
8507	4
8508	1
8509	5
8510	13
8511	8
8512	6
8513	3
8514	5
8515	5
8516	7
8517	16
8518	4
8519	5
8520	5
8521	5
8522	4
8523	3
8524	16
8525	27
8526	5
8527	1
8528	2
8529	10
8530	14
8531	3
8532	1
8533	19
8534	36
8535	21
8536	7
8537	2
8538	21
8539	13
8540	7
8541	9
8542	3
8543	2
8544	3
8545	28
8546	3
8547	13
8548	5
8549	15
8550	2
8551	2
8552	7
8553	3
8554	4
8555	5
8556	17
8557	8
8558	25
8559	3
8560	2
8561	2
8562	1
8563	7
8564	10
8565	15
8566	9
8567	19
8568	2
8569	8
8570	4
8571	2
8572	10
8573	11
8574	30
8575	7
8576	30
8577	3
8578	3
8579	21
8580	8
8581	37
8582	29
8583	8
8584	11
8585	11
8586	8
8587	15
8588	3
8589	13
8590	1
8591	2
8592	12
8593	3
8594	3
8595	7
8596	24
8597	7
8598	3
8599	2
8600	1
8601	25
8602	5
8603	8
8604	16
8605	7
8606	9
8607	13
8608	3
8609	14
8610	22
8611	7
8612	1
8613	1
8614	7
8615	8
8616	2
8617	12
8618	7
8619	11
8620	3
8621	6
8622	1
8623	4
8624	23
8625	9
8626	11
8627	7
8628	2
8629	7
8630	4
8631	2
8632	18
8633	25
8634	37
8635	7
8636	35
8637	18
8638	6
8639	4
8640	2
8641	32
8642	6
8643	34
8644	18
8645	20
8646	4
8647	33
8648	3
8649	18
8650	29
8651	1
8652	7
8653	30
8654	2
8655	6
8656	1
8657	7
8658	1
8659	2
8660	2
8661	6
8662	5
8663	11
8664	1
8665	1
8666	1
8667	23
8668	2
8669	15
8670	16
8671	1
8672	20
8673	10
8674	10
8675	1
8676	19
8677	6
8678	26
8679	13
8680	9
8681	24
8682	2
8683	5
8684	23
8685	12
8686	34
8687	5
8688	3
8689	3
8690	5
8691	8
8692	9
8693	8
8694	6
8695	8
8696	4
8697	2
8698	32
8699	3
8700	1
8701	16
8702	3
8703	2
8704	4
8705	10
8706	2
8707	6
8708	24
8709	4
8710	3
8711	5
8712	6
8713	13
8714	3
8715	4
8716	5
8717	2
8718	22
8719	35
8720	20
8721	11
8722	4
8723	4
8724	16
8725	30
8726	9
8727	1
8728	5
8729	9
8730	11
8731	12
8732	5
8733	3
8734	1
8735	13
8736	1
8737	6
8738	7
8739	3
8740	9
8741	11
8742	6
8743	3
8744	3
8745	3
8746	1
8747	15
8748	7
8749	1
8750	2
8751	18
8752	1
8753	16
8754	2
8755	12
8756	21
8757	14
8758	6
8759	3
8760	1
8761	2
8762	2
8763	4
8764	1
8765	16
8766	4
8767	6
8768	12
8769	14
8770	1
8771	6
8772	7
8773	2
8774	12
8775	15
8776	8
8777	13
8778	5
8779	8
8780	24
8781	19
8782	2
8783	26
8784	3
8785	6
8786	4
8787	2
8788	1
8789	2
8790	1
8791	5
8792	3
8793	8
8794	2
8795	1
8796	25
8797	1
8798	5
8799	11
8800	7
8801	8
8802	4
8803	13
8804	10
8805	9
8806	12
8807	11
8808	1
8809	29
8810	12
8811	9
8812	3
8813	5
8814	8
8815	8
8816	5
8817	2
8818	4
8819	5
8820	15
8821	5
8822	30
8823	1
8824	2
8825	26
8826	12
8827	15
8828	1
8829	3
8830	7
8831	10
8832	1
8833	6
8834	1
8835	2
8836	33
8837	9
8838	2
8839	18
8840	2
8841	25
8842	9
8843	3
8844	13
8845	2
8846	19
8847	20
8848	16
8849	3
8850	2
8851	2
8852	3
8853	26
8854	1
8855	20
8856	2
8857	33
8858	3
8859	13
8860	2
8861	5
8862	9
8863	5
8864	2
8865	2
8866	5
8867	9
8868	7
8869	5
8870	11
8871	15
8872	24
8873	16
8874	2
8875	20
8876	8
8877	6
8878	2
8879	3
8880	10
8881	3
8882	9
8883	8
8884	2
8885	3
8886	24
8887	6
8888	2
8889	10
8890	27
8891	15
8892	7
8893	7
8894	27
8895	1
8896	5
8897	4
8898	2
8899	6
8900	3
8901	12
8902	21
8903	19
8904	23
8905	13
8906	29
8907	6
8908	5
8909	5
8910	8
8911	20
8912	1
8913	27
8914	23
8915	2
8916	1
8917	9
8918	3
8919	1
8920	2
8921	2
8922	2
8923	2
8924	2
8925	3
8926	6
8927	2
8928	4
8929	32
8930	31
8931	9
8932	5
8933	2
8934	2
8935	11
8936	8
8937	2
8938	2
8939	13
8940	2
8941	2
8942	4
8943	13
8944	23
8945	9
8946	10
8947	25
8948	1
8949	2
8950	34
8951	9
8952	6
8953	6
8954	10
8955	26
8956	1
8957	1
8958	1
8959	2
8960	11
8961	2
8962	9
8963	21
8964	2
8965	2
8966	6
8967	35
8968	5
8969	12
8970	2
8971	3
8972	17
8973	2
8974	33
8975	15
8976	2
8977	3
8978	1
8979	18
8980	2
8981	2
8982	2
8983	6
8984	1
8985	2
8986	1
8987	32
8988	4
8989	6
8990	1
8991	20
8992	4
8993	2
8994	29
8995	4
8996	1
8997	2
8998	1
8999	21
9000	3
9001	4
9002	1
9003	6
9004	1
9005	2
9006	8
9007	26
9008	2
9009	2
9010	8
9011	27
9012	3
9013	26
9014	5
9015	22
9016	6
9017	4
9018	2
9019	10
9020	1
9021	4
9022	1
9023	2
9024	12
9025	1
9026	6
9027	11
9028	26
9029	2
9030	19
9031	4
9032	5
9033	33
9034	4
9035	2
9036	4
9037	2
9038	1
9039	2
9040	17
9041	3
9042	14
9043	8
9044	2
9045	2
9046	31
9047	4
9048	7
9049	4
9050	22
9051	5
9052	1
9053	26
9054	4
9055	35
9056	6
9057	19
9058	3
9059	23
9060	1
9061	4
9062	26
9063	27
9064	19
9065	7
9066	4
9067	4
9068	11
9069	5
9070	4
9071	11
9072	1
9073	2
9074	2
9075	9
9076	6
9077	11
9078	6
9079	4
9080	5
9081	4
9082	7
9083	1
9084	4
9085	9
9086	18
9087	34
9088	1
9089	6
9090	6
9091	17
9092	11
9093	12
9094	7
9095	7
9096	26
9097	12
9098	4
9099	6
9100	6
9101	2
9102	5
9103	4
9104	14
9105	8
9106	13
9107	10
9108	7
9109	10
9110	8
9111	4
9112	7
9113	4
9114	3
9115	1
9116	12
9117	5
9118	8
9119	4
9120	3
9121	14
9122	1
9123	23
9124	14
9125	15
9126	21
9127	2
9128	5
9129	3
9130	4
9131	1
9132	6
9133	7
9134	2
9135	3
9136	4
9137	11
9138	2
9139	3
9140	14
9141	3
9142	5
9143	8
9144	19
9145	2
9146	4
9147	4
9148	4
9149	5
9150	4
9151	2
9152	15
9153	4
9154	2
9155	7
9156	6
9157	4
9158	28
9159	6
9160	29
9161	20
9162	7
9163	37
9164	2
9165	11
9166	33
9167	1
9168	2
9169	6
9170	7
9171	6
9172	34
9173	18
9174	33
9175	24
9176	16
9177	6
9178	14
9179	29
9180	3
9181	14
9182	1
9183	1
9184	28
9185	3
9186	7
9187	27
9188	2
9189	2
9190	2
9191	5
9192	8
9193	3
9194	4
9195	8
9196	22
9197	2
9198	2
9199	1
9200	2
9201	6
9202	1
9203	37
9204	11
9205	10
9206	33
9207	3
9208	1
9209	20
9210	7
9211	26
9212	5
9213	7
9214	1
9215	6
9216	13
9217	25
9218	3
9219	33
9220	11
9221	35
9222	10
9223	4
9224	5
9225	37
9226	7
9227	6
9228	1
9229	12
9230	27
9231	2
9232	7
9233	3
9234	29
9235	1
9236	10
9237	3
9238	7
9239	1
9240	1
9241	5
9242	7
9243	10
9244	1
9245	12
9246	6
9247	4
9248	22
9249	8
9250	4
9251	4
9252	3
9253	2
9254	5
9255	1
9256	8
9257	33
9258	2
9259	10
9260	5
9261	4
9262	32
9263	3
9264	3
9265	2
9266	18
9267	2
9268	20
9269	7
9270	6
9271	13
9272	2
9273	5
9274	12
9275	26
9276	2
9277	2
9278	3
9279	15
9280	2
9281	37
9282	20
9283	16
9284	6
9285	1
9286	27
9287	10
9288	4
9289	34
9290	5
9291	1
9292	8
9293	10
9294	28
9295	4
9296	13
9297	16
9298	3
9299	18
9300	3
9301	6
9302	12
9303	8
9304	1
9305	2
9306	4
9307	7
9308	10
9309	4
9310	26
9311	1
9312	8
9313	3
9314	7
9315	2
9316	6
9317	5
9318	8
9319	7
9320	10
9321	4
9322	6
9323	28
9324	5
9325	33
9326	14
9327	6
9328	25
9329	37
9330	7
9331	1
9332	4
9333	25
9334	18
9335	31
9336	2
9337	3
9338	2
9339	6
9340	31
9341	3
9342	3
9343	25
9344	6
9345	18
9346	2
9347	9
9348	7
9349	2
9350	14
9351	11
9352	13
9353	2
9354	3
9355	1
9356	37
9357	1
9358	6
9359	37
9360	35
9361	23
9362	8
9363	18
9364	7
9365	1
9366	29
9367	17
9368	4
9369	5
9370	4
9371	3
9372	5
9373	24
9374	2
9375	30
9376	9
9377	6
9378	2
9379	6
9380	21
9381	5
9382	1
9383	15
9384	35
9385	26
9386	2
9387	9
9388	6
9389	2
9390	9
9391	31
9392	11
9393	21
9394	27
9395	11
9396	7
9397	17
9398	18
9399	5
9400	10
9401	2
9402	6
9403	11
9404	1
9405	6
9406	24
9407	9
9408	16
9409	8
9410	2
9411	20
9412	21
9413	1
9414	8
9415	3
9416	1
9417	7
9418	1
9419	11
9420	32
9421	2
9422	1
9423	1
9424	31
9425	22
9426	23
9427	3
9428	8
9429	6
9430	6
9431	2
9432	1
9433	5
9434	5
9435	4
9436	8
9437	3
9438	2
9439	6
9440	23
9441	2
9442	1
9443	3
9444	1
9445	29
9446	1
9447	1
9448	13
9449	26
9450	8
9451	4
9452	1
9453	11
9454	23
9455	15
9456	18
9457	23
9458	5
9459	1
9460	4
9461	8
9462	7
9463	3
9464	12
9465	3
9466	11
9467	16
9468	2
9469	20
9470	1
9471	16
9472	8
9473	2
9474	1
9475	3
9476	16
9477	9
9478	1
9479	7
9480	13
9481	5
9482	2
9483	5
9484	4
9485	12
9486	31
9487	6
9488	5
9489	5
9490	9
9491	6
9492	2
9493	36
9494	6
9495	1
9496	23
9497	28
9498	16
9499	1
9500	13
9501	35
9502	30
9503	4
9504	1
9505	8
9506	7
9507	1
9508	2
9509	30
9510	1
9511	2
9512	2
9513	3
9514	4
9515	10
9516	16
9517	2
9518	7
9519	31
9520	33
9521	12
9522	7
9523	8
9524	15
9525	8
9526	4
9527	7
9528	1
9529	6
9530	3
9531	11
9532	2
9533	7
9534	11
9535	5
9536	3
9537	7
9538	34
9539	13
9540	1
9541	6
9542	25
9543	7
9544	22
9545	2
9546	17
9547	1
9548	3
9549	3
9550	1
9551	5
9552	20
9553	5
9554	19
9555	10
9556	23
9557	23
9558	3
9559	1
9560	7
9561	20
9562	2
9563	35
9564	2
9565	2
9566	1
9567	3
9568	3
9569	7
9570	7
9571	7
9572	3
9573	2
9574	3
9575	26
9576	6
9577	2
9578	8
9579	1
9580	17
9581	6
9582	5
9583	2
9584	3
9585	2
9586	3
9587	2
9588	6
9589	4
9590	2
9591	5
9592	12
9593	14
9594	14
9595	4
9596	13
9597	35
9598	8
9599	2
9600	2
9601	6
9602	11
9603	6
9604	6
9605	26
9606	34
9607	9
9608	16
9609	2
9610	4
9611	3
9612	1
9613	3
9614	2
9615	4
9616	7
9617	3
9618	1
9619	1
9620	18
9621	23
9622	24
9623	15
9624	35
9625	7
9626	4
9627	2
9628	8
9629	6
9630	3
9631	1
9632	6
9633	10
9634	16
9635	5
9636	2
9637	1
9638	13
9639	13
9640	6
9641	4
9642	2
9643	25
9644	1
9645	5
9646	26
9647	2
9648	4
9649	34
9650	2
9651	2
9652	9
9653	17
9654	12
9655	2
9656	12
9657	2
9658	2
9659	24
9660	11
9661	26
9662	28
9663	2
9664	7
9665	37
9666	3
9667	2
9668	12
9669	5
9670	7
9671	3
9672	7
9673	6
9674	2
9675	4
9676	2
9677	8
9678	8
9679	2
9680	9
9681	5
9682	3
9683	1
9684	5
9685	6
9686	7
9687	7
9688	12
9689	1
9690	7
9691	4
9692	1
9693	10
9694	24
9695	20
9696	3
9697	15
9698	1
9699	13
9700	2
9701	5
9702	14
9703	10
9704	27
9705	3
9706	19
9707	2
9708	11
9709	1
9710	29
9711	9
9712	1
9713	12
9714	4
9715	6
9716	3
9717	28
9718	5
9719	37
9720	1
9721	30
9722	2
9723	34
9724	5
9725	9
9726	10
9727	7
9728	3
9729	30
9730	13
9731	2
9732	1
9733	30
9734	4
9735	15
9736	3
9737	5
9738	19
9739	6
9740	4
9741	7
9742	25
9743	12
9744	20
9745	19
9746	1
9747	8
9748	4
9749	5
9750	5
9751	20
9752	6
9753	2
9754	4
9755	25
9756	24
9757	2
9758	7
9759	8
9760	7
9761	4
9762	2
9763	10
9764	15
9765	9
9766	23
9767	1
9768	2
9769	32
9770	3
9771	3
9772	3
9773	1
9774	1
9775	6
9776	8
9777	18
9778	30
9779	21
9780	10
9781	12
9782	4
9783	4
9784	10
9785	21
9786	2
9787	13
9788	5
9789	2
9790	1
9791	6
9792	2
9793	13
9794	29
9795	28
9796	17
9797	9
9798	3
9799	9
9800	4
9801	2
9802	29
9803	17
9804	30
9805	2
9806	23
9807	21
9808	5
9809	8
9810	7
9811	4
9812	10
9813	1
9814	30
9815	3
9816	12
9817	1
9818	18
9819	6
9820	31
9821	4
9822	1
9823	6
9824	2
9825	2
9826	2
9827	3
9828	11
9829	13
9830	18
9831	7
9832	1
9833	1
9834	6
9835	10
9836	15
9837	4
9838	7
9839	18
9840	3
9841	9
9842	12
9843	5
9844	7
9845	4
9846	4
9847	35
9848	12
9849	1
9850	7
9851	29
9852	18
9853	2
9854	1
9855	1
9856	3
9857	1
9858	12
9859	8
9860	28
9861	2
9862	2
9863	23
9864	8
9865	13
9866	7
9867	3
9868	5
9869	1
9870	3
9871	37
9872	29
9873	2
9874	5
9875	22
9876	18
9877	2
9878	11
9879	2
9880	21
9881	3
9882	4
9883	19
9884	31
9885	2
9886	7
9887	7
9888	27
9889	13
9890	6
9891	33
9892	7
9893	5
9894	3
9895	23
9896	5
9897	8
9898	4
9899	5
9900	3
9901	2
9902	22
9903	13
9904	9
9905	21
9906	6
9907	13
9908	2
9909	4
9910	7
9911	5
9912	6
9913	3
9914	12
9915	27
9916	22
9917	6
9918	12
9919	6
9920	12
9921	1
9922	2
9923	9
9924	2
9925	26
9926	9
9927	10
9928	9
9929	9
9930	12
9931	3
9932	6
9933	35
9934	2
9935	2
9936	12
9937	29
9938	31
9939	6
9940	7
9941	8
9942	9
9943	2
9944	7
9945	4
9946	28
9947	36
9948	10
9949	25
9950	5
9951	9
9952	1
9953	11
9954	2
9955	3
9956	20
9957	2
9958	5
9959	13
9960	8
9961	16
9962	26
9963	2
9964	3
9965	28
9966	1
9967	3
9968	24
9969	4
9970	2
9971	1
9972	19
9973	24
9974	12
9975	14
9976	18
9977	22
9978	12
9979	13
9980	3
9981	1
9982	1
9983	6
9984	10
9985	20
9986	29
9987	31
9988	2
9989	9
9990	31
9991	4
9992	11
9993	8
9994	6
9995	6
9996	1
9997	3
9998	6
9999	1
10000	10
